  0.50950187
  0.50950187
  0.50950187
  0.50950187
  0.50950187
  0.50950187
  0.50950187
  0.50950187
  0.50950187
  0.50950187
  0.50937821
  0.50758547
  0.50555424
  0.50299974
  0.50005421
  0.49331550
  0.48455839
  0.47389876
  0.46064099
  0.44499855
  0.42710337
  0.40715449
  0.38626873
  0.36419553
  0.34168605
  0.32003159
  0.29966458
  0.28043354
  0.26220803
  0.24487504
  0.22833601
  0.21250447
  0.19730411
  0.18266720
  0.16853326
  0.15484800
  0.14156240
  0.12863190
  0.11601580
  0.10367668
  0.09157989
  0.07969315
  0.06798620
  0.05643044
  0.04499862
  0.03366436
  0.02240276
  0.01118937
  0.00000000
