  0.03879334
  0.03836795
  0.03819186
  0.03841451
  0.03903526
  0.03993470
  0.04129557
  0.04314174
  0.04547742
  0.04832393
  0.05228814
  0.05630239
  0.06033435
  0.06446959
  0.06804809
  0.07152682
  0.07424280
  0.07678236
  0.07854731
  0.08012291
  0.08089904
  0.08153841
  0.08142970
  0.08123730
  0.08036411
  0.07944407
  0.07797684
  0.07647930
  0.07458218
  0.07265000
  0.07037540
  0.06804869
  0.06542110
  0.06271246
  0.05978651
  0.05675878
  0.05352261
  0.05013599
  0.04660318
  0.04292804
  0.03911349
  0.03515991
  0.03105904
  0.02679630
  0.02238807
  0.01786540
  0.01312532
  0.00790953
  0.00016779
