  0.00000000
 -0.00712083
 -0.01424167
 -0.02136250
 -0.02848333
 -0.03560417
 -0.04272500
 -0.05252936
 -0.06233373
 -0.06408750
 -0.07120833
 -0.07832917
 -0.08545000
 -0.09257083
 -0.09969167
 -0.10681250
 -0.11393333
 -0.12105417
 -0.12817500
 -0.13529583
 -0.14241667
 -0.14953750
 -0.15665833
 -0.16377917
 -0.17090000
 -0.17802083
 -0.18514167
 -0.19226250
 -0.19938333
 -0.20650417
 -0.21362500
 -0.22074583
 -0.22786667
 -0.23498750
 -0.24210833
 -0.24922917
 -0.25635000
 -0.26347083
 -0.27059167
 -0.27771250
 -0.28483333
 -0.29195417
 -0.29907500
 -0.30619583
 -0.30821875
 -0.31788854
 -0.32755833
 -0.33467917
 -0.34180000
