  0.00000000
 -0.01667936
 -0.03339452
 -0.05018155
 -0.06707719
 -0.08411910
 -0.10134622
 -0.11879917
 -0.13652062
 -0.15455570
 -0.17291060
 -0.19104164
 -0.20940742
 -0.22790622
 -0.24659945
 -0.26368263
 -0.27975991
 -0.29468919
 -0.30779047
 -0.31888145
 -0.32772794
 -0.33414306
 -0.33874858
 -0.34110633
 -0.34168605
 -0.34169425
 -0.34170197
 -0.34170925
 -0.34171616
 -0.34172272
 -0.34172899
 -0.34173499
 -0.34174074
 -0.34174629
 -0.34175164
 -0.34175683
 -0.34176186
 -0.34176676
 -0.34177154
 -0.34177621
 -0.34178079
 -0.34178529
 -0.34178973
 -0.34179411
 -0.34179844
 -0.34180000
 -0.34180000
 -0.34180000
 -0.34180000
