  0.50524873
  0.49803139
  0.48700413
  0.47041209
  0.44714830
  0.42055808
  0.39514291
  0.37038175
  0.34823379
  0.32863253
  0.31140348
  0.29648184
  0.28284918
  0.27067153
  0.25956731
  0.24951448
  0.24044361
  0.23195380
  0.22415146
  0.21676879
  0.20991515
  0.20345641
  0.19725971
  0.19152728
  0.18577169
  0.18065606
  0.17526975
  0.17036817
  0.16546793
  0.16064572
  0.15582695
  0.15097274
  0.14596243
  0.14069928
  0.13503691
  0.12885099
  0.12196695
  0.11435472
  0.10601981
  0.09701985
  0.08743630
  0.07731798
  0.06677555
  0.05598046
  0.04490475
  0.03364807
  0.02239554
  0.01118757
  0.00000000
