  0.00000000
  0.00000000
  0.00000000
  0.00000000
  0.00000000
  0.00000000
  0.00000000
  0.00000000
  0.00000000
  0.00986254
  0.03178404
  0.04403091
  0.05229974
  0.05833365
  0.06287871
  0.06665566
  0.06964744
  0.07177684
  0.07351688
  0.07462612
  0.07519314
  0.07531115
  0.07528399
  0.07479124
  0.07399861
  0.07292695
  0.07159472
  0.06998116
  0.06813713
  0.06611337
  0.06377012
  0.06127410
  0.05844778
  0.05547417
  0.05221457
  0.04889987
  0.04546831
  0.04174472
  0.03791259
  0.03380967
  0.02926259
  0.02385834
  0.01700063
  0.00581374
  0.00000000
  0.00000000
  0.00000000
  0.00000000
  0.00000000
