 -0.00000000
 -0.01630386
 -0.03191994
 -0.04633155
 -0.05886819
 -0.06943442
 -0.07859881
 -0.08636091
 -0.09330896
 -0.09968959
 -0.10570724
 -0.11158786
 -0.11715997
 -0.12263967
 -0.12800443
 -0.13336827
 -0.13882018
 -0.14423814
 -0.14977322
 -0.15533432
 -0.16107356
 -0.16697236
 -0.17299212
 -0.17938487
 -0.18577169
 -0.19288451
 -0.19985684
 -0.20759422
 -0.21564201
 -0.22418084
 -0.23321151
 -0.24278392
 -0.25281435
 -0.26322985
 -0.27382778
 -0.28438021
 -0.29445426
 -0.30383321
 -0.31232429
 -0.31983159
 -0.32631672
 -0.33159872
 -0.33570336
 -0.33906866
 -0.34108545
 -0.34163460
 -0.34168992
 -0.34174501
 -0.34180000
