-15.1553424
-12.7590560198498
-10.8676945976534
-9.37486466755457
-8.19659108427995
-7.26659322648583
-6.53255655811044
-5.95318981440883
-5.4959022725612
-5.13497044794003
-4.85009108844991
-4.62523906951618
-4.44776594366718
-4.30768843603361
-4.19712686198701
-4.10986187660736
-4.04098462210934
-3.98662059320879
-3.94371168721595
-3.90984417866779
-3.88311294167351
-3.86201428216543
-3.84536135162081
-3.83221738408022
-3.82184300089013
-3.81365461893904
-3.80719162275428
-3.80209045381348
-3.7980641595347
-3.79488625152821
-3.79237796509944
-3.79039820332035
-3.7888356
-3.78760225507813
-3.78636891015625
-3.7839022203125
-3.78143553046875
-3.778968840625
-3.7740354609375
-3.76910208125
-3.7641687015625
-3.759235321875
-3.7543019421875
-3.7493685625
-3.739501803125
-3.72963504375
-3.719768284375
-3.709901525
-3.69016800625
-3.6704344875
-3.63096745
-3.5915004125
-3.552033375
-3.5125663375
-3.4730993
-3.4336322625
-3.394165225
-3.3546981875
-3.31523115
-3.2757641125
-3.236297075
-3.1968300375
-3.157363
-3.1178959625
-3.078428925
-3.0389618875
-2.99949485
-2.9600278125
-2.920560775
-2.8810937375
-2.8416267
-2.8021596625
-2.762692625
-2.7232255875
-2.68375855
-2.6442915125
-2.604824475
-2.5653574375
-2.5258904
-2.4864233625
-2.446956325
-2.4074892875
-2.36802225
-2.3285552125
-2.289088175
-2.2496211375
-2.2101541
-2.1706870625
-2.131220025
-2.0917529875
-2.05228595
-2.0128189125
-1.973351875
-1.9338848375
-1.8944178
-1.8549507625
-1.815483725
-1.7760166875
-1.73654965
-1.6970826125
-1.657615575
-1.6181485375
-1.5786815
-1.5392144625
-1.499747425
-1.4602803875
-1.42081335
-1.3813463125
-1.341879275
-1.3024122375
-1.2629452
-1.2234781625
-1.184011125
-1.1445440875
-1.10507705
-1.0656100125
-1.026142975
-0.9866759375
-0.9472089
-0.9077418625
-0.868274825
-0.8288077875
-0.789340750000001
-0.7498737125
-0.710406675
-0.6709396375
-0.6314726
-0.5920055625
-0.552538525000001
-0.5130714875
-0.47360445
-0.4341374125
-0.394670375
-0.3552033375
-0.3157363
-0.2762692625
-0.236802225
-0.1973351875
-0.157868149999999
-0.1184011125
-0.0789340749999997
-0.0394670375000003
0
0.0394670374999994
0.0789340750000006
0.1184011125
0.15786815
0.1973351875
0.236802225
0.2762692625
0.3157363
0.355203337499999
0.394670375
0.434137412500001
0.47360445
0.5130714875
0.552538525
0.5920055625
0.6314726
0.670939637500001
0.710406675
0.7498737125
0.78934075
0.8288077875
0.868274824999999
0.907741862500001
0.9472089
0.986675937499999
1.026142975
1.0656100125
1.10507705
1.1445440875
1.184011125
1.2234781625
1.2629452
1.3024122375
1.341879275
1.3813463125
1.42081335
1.4602803875
1.499747425
1.5392144625
1.5786815
1.6181485375
1.657615575
1.6970826125
1.73654965
1.7760166875
1.815483725
1.8549507625
1.8944178
1.9338848375
1.973351875
2.0128189125
2.05228595
2.0917529875
2.131220025
2.1706870625
2.2101541
2.2496211375
2.289088175
2.3285552125
2.36802225
2.4074892875
2.446956325
2.4864233625
2.5258904
2.5653574375
2.604824475
2.6442915125
2.68375855
2.7232255875
2.762692625
2.8021596625
2.8416267
2.8810937375
2.920560775
2.9600278125
2.99949485
3.0389618875
3.078428925
3.1178959625
3.157363
3.1968300375
3.236297075
3.2757641125
3.31523115
3.3546981875
3.394165225
3.4336322625
3.4730993
3.5125663375
3.552033375
3.5915004125
3.63096745
3.6704344875
3.709901525
3.729635044
3.7493685625
3.769102081
3.7888356
3.809479608
3.83012361580302
3.851720122
3.87331662842653
3.895909581
3.91850253293683
3.942137906
3.96577327980997
4.01522506204516
4.06695851091155
4.12107890072647
4.17769636308209
4.23692611095626
4.2988886731637
4.36371013962458
4.43152241794953
4.5024635018634
4.57667775201377
4.65431618973582
4.73553680437124
4.82050487476665
4.90939330560561
5.00238297925883
5.09966312386841
5.20143169841521
5.30789579555294
5.41927206302872
5.5357871445476
5.65767814097826
5.7851930928384
5.91859148504156
6.05814477493269
6.2041369446867
6.3568650791944
6.51663997061154
6.68378675080138
6.85864555295752
7.04157220375362
7.23293894742833
7.43313520327887
7.6425683581049
7.86166459521499
8.0908697616829
8.33065027561837
8.58149407529862
8.84391161209213
9.11843688919506
9.40562854829421
9.70607100636775
10.020375644937
10.3491820541895
10.6931593345048
11.0530074580316
11.4294586930872
11.8232790942774
12.2352700613697
12.6662699700912
13.1171558781705
13.5888453100956
14.0822981242177
14.5985184660033
15.1385568114069
15.7035121045237
16.2945339938712
