0.465524882078 0
0.465468019247 -0.000133201043354
0.458363592625 -0.0183920636773
0.456783562899 -0.0220183469355
0.45518001914 -0.0256456136703
0.453553378582 -0.0292752161622
0.445976823568 -0.0472777411342
0.444334715605 -0.0508901402354
0.44253641367 -0.0545047447085
0.440747320652 -0.0586069487035
0.431637763977 -0.0785416066647
0.427697271109 -0.0866904705763
0.424616396427 -0.0927842706442
0.42141225934 -0.0988475233316
0.408646315336 -0.123372457922
0.405325144529 -0.129357501864
0.401862323284 -0.135291025043
0.394888281822 -0.14718708396
0.39128986001 -0.153046518564
0.383917719126 -0.164681687951
0.380187600851 -0.170465171337
0.376323878765 -0.176181316376
0.368573665619 -0.187537357211
0.364587724209 -0.193173885345
0.356452554464 -0.204246014357
0.352344691753 -0.209799364209
0.348098516464 -0.215260282159
0.339547604322 -0.225994065404
0.335151314735 -0.231337115169
0.326121211052 -0.241662114859
0.323814064264 -0.244242429733
0.32152184844 -0.246861800551
0.318922072649 -0.249653324485
0.316210746765 -0.252489060163
0.303042262793 -0.265703201294
0.297423571348 -0.271062999964
0.290378510952 -0.277181357145
0.284436821938 -0.282182127237
0.277050793171 -0.287874519825
0.270768135786 -0.292438685894
0.263028472662 -0.297632902861
0.256403952837 -0.30169609189
0.248324766755 -0.306346267462
0.241399988532 -0.309883505106
0.23302693665 -0.313975989819
0.225854828954 -0.31698256731
0.217235997319 -0.320517867804
0.208419293165 -0.323529273272
0.201057851315 -0.326041996479
0.192093193531 -0.328566282988
0.184592977166 -0.330631941557
0.176988944411 -0.332288324833
0.158750757575 -0.336022645235
0.151074156165 -0.337299734354
0.143344730139 -0.338206917048
0.124855965376 -0.340374261141
0.120977297425 -0.340690404177
0.117092527449 -0.340915292501
0.0984901040792 -0.341623187065
0.0946008861065 -0.341757029295
0.0907664746046 -0.341800004244
0.0470011383295 -0.341800004244
0 -0.341800004244
