0.470956414938 0
0.463051468134 -0.0203163251281
0.461135238409 -0.0256727654487
0.450681746006 -0.0505111478269
0.448607772589 -0.0558090507984
0.435996353626 -0.0834069252014
0.433739095926 -0.0886288061738
0.43232011795 -0.0916928648949
0.430821537971 -0.0947314798832
0.414416849613 -0.126246854663
0.411147624254 -0.132356032729
0.402161329985 -0.147684514523
0.399562984705 -0.152122989297
0.390052318573 -0.167133390903
0.387322902679 -0.17149721086
0.384461164474 -0.175779297948
0.374443024397 -0.190458461642
0.371437996626 -0.194647982717
0.360913664103 -0.20897179842
0.356673687696 -0.214395046234
0.345597684383 -0.228298515081
0.333896309137 -0.241677835584
0.32932010293 -0.246861800551
0.326881736517 -0.249388515949
0.324457168579 -0.251919597387
0.31026083231 -0.266165167093
0.305131167173 -0.270976126194
0.297530591488 -0.27757692337
0.292122513056 -0.282067000866
0.284148007631 -0.2882129848
0.278441309929 -0.292311787605
0.270078420639 -0.297924250364
0.262528777122 -0.302408665419
0.253790557384 -0.307438164949
0.24473208189 -0.311865657568
0.236788749695 -0.315608650446
0.227455541492 -0.319436967373
0.219218462706 -0.322444021702
0.209664449096 -0.325707226992
0.199948072433 -0.328443169594
0.19150057435 -0.330768704414
0.171713650227 -0.334820151329
0.163122966886 -0.336546421051
0.154455780983 -0.337745577097
0.134365305305 -0.340100705624
0.125646114349 -0.34080272913
0.105416454375 -0.341572552919
0.101112365723 -0.34169331193
0.0967626050115 -0.341800004244
0 -0.341800004244
