0.475826025009 0
0.475094616413 -0.00228512985632
0.471991956234 -0.010259270668
0.464536935091 -0.0310985129327
0.461224138737 -0.0389700196683
0.453155338764 -0.0595815330744
0.449164509773 -0.0683147758245
0.440382599831 -0.0886305347085
0.434862017632 -0.100551255047
0.429031759501 -0.112372994423
0.428734213114 -0.112944640219
0.416015207767 -0.136712402105
0.415849596262 -0.136994898319
0.405740827322 -0.154262766242
0.405562788248 -0.15454377234
0.394943982363 -0.171521231532
0.383810460567 -0.188180714846
0.383617788553 -0.188463032246
0.371926724911 -0.204762384295
0.371720522642 -0.205043017864
0.355224877596 -0.22614222765
0.355001062155 -0.226423189044
0.354764580727 -0.226693540812
0.336960852146 -0.246861800551
0.3274743855 -0.256691962481
0.324112743139 -0.260201334953
0.316992521286 -0.266879051924
0.310548037291 -0.272893846035
0.3030154109 -0.279147773981
0.296230554581 -0.284754574299
0.288255542517 -0.290482521057
0.281106680632 -0.295597612858
0.270514637232 -0.301889032125
0.261077225208 -0.307486236095
0.249890878797 -0.312757223845
0.23999081552 -0.317428201437
0.228337675333 -0.321682184935
0.218088313937 -0.325426995754
0.206091850996 -0.3287294209
0.195599094033 -0.331593006849
0.183351457119 -0.334054172039
0.172709822655 -0.33616489172
0.160281330347 -0.337884366512
0.149563804269 -0.339356869459
0.137008100748 -0.340367645025
0.126253306866 -0.341210544109
0.120037250221 -0.3413849473
0.103114485741 -0.341800004244
0 -0.341800004244
