0.480310291052 0
0.477883577347 -0.00758161069825
0.472484171391 -0.0234791133553
0.468380540609 -0.0349497981369
0.462487995625 -0.0506956763566
0.458064079285 -0.0619961731136
0.455000251532 -0.0694187432528
0.446694999933 -0.0886313319206
0.443598181009 -0.0956696197391
0.441221922636 -0.100715838373
0.43955552578 -0.104094736278
0.43547898531 -0.112700909376
0.431842982769 -0.119495488703
0.422901123762 -0.136802598834
0.42000862956 -0.141743689775
0.412857204676 -0.154321670532
0.409815579653 -0.159184709191
0.402265816927 -0.171550959349
0.399072617292 -0.176329091191
0.39111956954 -0.188465133309
0.387762278318 -0.193145781755
0.379365324974 -0.205013155937
0.37461912632 -0.211083933711
0.362668216228 -0.226417005062
0.352982133627 -0.237368240952
0.344601601362 -0.246861800551
0.336632013321 -0.255120128393
0.331679075956 -0.26018294692
0.325818836689 -0.265652447939
0.318055599928 -0.272863298655
0.311836987734 -0.278002202511
0.303669393063 -0.284721195698
0.297066509724 -0.289445608854
0.288472920656 -0.295575797558
0.279682278633 -0.300789445639
0.268357008696 -0.307504326105
0.259045600891 -0.311897605658
0.247184738517 -0.317507237196
0.237451002002 -0.321063667536
0.225181743503 -0.325554281473
0.21511824429 -0.32830068469
0.202559486032 -0.331705212593
0.192248687148 -0.333750218153
0.179530665278 -0.336248993874
0.169038459659 -0.337690532207
0.156259477139 -0.33944144845
0.145619392395 -0.340275287628
0.132805585861 -0.341253638268
0.124286644161 -0.34143653512
0.10946636647 -0.341800004244
0.0576405711472 -0.341800004244
0 -0.341800004244
