0.4843968153 0
0.483563154936 -0.00290957977995
0.481017023325 -0.0113084819168
0.475263386965 -0.0291781947017
0.472461432219 -0.0374284014106
0.466139823198 -0.05512470752
0.463105797768 -0.0632323995233
0.456085950136 -0.0806790217757
0.454515457153 -0.0844837352633
0.452722549438 -0.0886313319206
0.451077520847 -0.0923700779676
0.447374880314 -0.100715391338
0.444245934486 -0.107321001589
0.441808372736 -0.112698875368
0.434943974018 -0.125985249877
0.429575532675 -0.136806532741
0.424082309008 -0.146468266845
0.419762402773 -0.154336959124
0.413958728313 -0.163843363523
0.409375190735 -0.171579390764
0.403256416321 -0.180916547775
0.398405134678 -0.188507646322
0.391938000917 -0.197647854686
0.3867854774 -0.205064356327
0.377564489841 -0.216895148158
0.370161890984 -0.226449683309
0.355231076479 -0.243427440524
0.3521694839 -0.246861800551
0.351310640574 -0.247745200992
0.347854614258 -0.251291543245
0.339154779911 -0.260149657726
0.33456453681 -0.264413326979
0.325484663248 -0.272807955742
0.320591121912 -0.276833593845
0.311043411493 -0.284659743309
0.305828422308 -0.288379848003
0.295793890953 -0.295527398586
0.288827478886 -0.299657911062
0.275620222092 -0.307499110699
0.268210679293 -0.311003506184
0.25438991189 -0.317560374737
0.246607229114 -0.320408910513
0.232311740518 -0.325651854277
0.224218949676 -0.327845662832
0.209584116936 -0.331800252199
0.201254740357 -0.333436697721
0.186445459723 -0.336328148842
0.177939280868 -0.337493628263
0.163080200553 -0.339518278837
0.154411196709 -0.340180128813
0.139518082142 -0.341291368008
0.121795170009 -0.341675281525
0.117064252496 -0.341775119305
0.115890741348 -0.341800004244
0 -0.341800004244
