0.488205552101 0
0.48390480876 -0.0150109594688
0.481216013432 -0.0243411231786
0.47621101141 -0.0398863181472
0.473211795092 -0.0491209737957
0.467734634876 -0.064453497529
0.464360922575 -0.0735596194863
0.458296597004 -0.0886313319206
0.454144239426 -0.0984982103109
0.453239351511 -0.100713521242
0.448780596256 -0.110550619662
0.447855442762 -0.112692967057
0.438033759594 -0.132490828633
0.435988306999 -0.136805310845
0.428080737591 -0.151209115982
0.426425218582 -0.154347836971
0.418028652668 -0.16851966083
0.416264593601 -0.171605333686
0.40736964345 -0.185524180532
0.40549403429 -0.188549816608
0.396034479141 -0.202166244388
0.394029706717 -0.205116197467
0.38040304184 -0.222704723477
0.377503275871 -0.226482436061
0.375585883856 -0.228632882237
0.359335482121 -0.246861800551
0.352881550789 -0.253500342369
0.34645113349 -0.260098844767
0.337941914797 -0.267966121435
0.332760065794 -0.272721946239
0.323742091656 -0.280114084482
0.318296790123 -0.284566760063
0.308746725321 -0.291369438171
0.303031355143 -0.295453548431
0.290358573198 -0.302977621555
0.282843917608 -0.307473361492
0.269460886717 -0.313822716475
0.261591732502 -0.317583024502
0.247621446848 -0.322706788778
0.239474892616 -0.325708121061
0.225035011768 -0.329610049725
0.216695711017 -0.331878513098
0.201938584447 -0.334759682417
0.193494558334 -0.336402565241
0.178540378809 -0.338440090418
0.170059472322 -0.339559137821
0.154919058084 -0.340688794851
0.146427705884 -0.341301709414
0.134297400713 -0.341557711363
0.122875727713 -0.341800004244
0 -0.341800004244
