0.491524279118 0
0.487122058868 -0.0173103157431
0.486722022295 -0.0187065266073
0.480300992727 -0.0409874543548
0.47986599803 -0.0423385575414
0.472713857889 -0.0643600970507
0.472245693207 -0.065670594573
0.464210480452 -0.0873586758971
0.463698387146 -0.0886313319206
0.463347762823 -0.0894644930959
0.458754390478 -0.100709952414
0.458254724741 -0.101812288165
0.453560292721 -0.112683050334
0.452461630106 -0.114897631109
0.442079275846 -0.136797219515
0.441195875406 -0.13840636611
0.432785719633 -0.154351264238
0.431847125292 -0.155935436487
0.422876745462 -0.171626344323
0.421881586313 -0.173183575273
0.412331074476 -0.188590019941
0.411270856857 -0.190116137266
0.401042371988 -0.20516705513
0.39950889349 -0.207146391273
0.384640395641 -0.226516440511
0.37480905652 -0.237542748451
0.366501480341 -0.246861800551
0.354452490807 -0.259255468845
0.353685230017 -0.260042786598
0.3526699543 -0.260981470346
0.339981675148 -0.272626549006
0.33887553215 -0.27353322506
0.325507670641 -0.284464240074
0.3243060112 -0.285320192575
0.310239046812 -0.295372217894
0.308606564999 -0.296341449022
0.290052622557 -0.307441562414
0.288280755281 -0.308282196522
0.268790721893 -0.317595630884
0.266891509295 -0.318292170763
0.246648132801 -0.325750172138
0.244632020593 -0.326294958591
0.223837763071 -0.331951409578
0.221722155809 -0.332364439964
0.20059210062 -0.336475521326
0.198391765356 -0.336775302887
0.177095487714 -0.339585363865
0.174810528755 -0.339755833149
0.15340834856 -0.341300666332
0.15153054893 -0.341340303421
0.129860714078 -0.341800004244
0.0506955049932 -0.341800004244
0 -0.341800004244
