0.494653344154 0
0.489347368479 -0.0221898891032
0.489299446344 -0.0223782677203
0.483238458633 -0.044637426734
0.483200132847 -0.0447704419494
0.476392507553 -0.066787108779
0.476364225149 -0.066874243319
0.472768902779 -0.0771681442857
0.468521773815 -0.0886313319206
0.4660140872 -0.094802454114
0.463647544384 -0.100703202188
0.460120856762 -0.108869448304
0.458659410477 -0.112669743598
0.450862556696 -0.1291154176
0.447595924139 -0.136783599854
0.441281706095 -0.148754969239
0.438597530127 -0.154348164797
0.431862264872 -0.166129514575
0.42895975709 -0.171637803316
0.421787798405 -0.183207526803
0.418648809195 -0.188613772392
0.410964488983 -0.199921488762
0.407548516989 -0.205195888877
0.396364837885 -0.219766616821
0.391325831413 -0.226537704468
0.374575316906 -0.245843544602
0.374032258987 -0.246452614665
0.373667478561 -0.246861800551
0.373021453619 -0.247526302934
0.360714584589 -0.259987801313
0.359949439764 -0.260690063238
0.347035199404 -0.272532403469
0.346151471138 -0.273255079985
0.332587361336 -0.284362137318
0.331580340862 -0.285081773996
0.317349404097 -0.295288056135
0.315923243761 -0.296141326427
0.297202378511 -0.307399004698
0.295581847429 -0.308173418045
0.275966227055 -0.317587018013
0.274152696133 -0.318255186081
0.253837317228 -0.325766950846
0.251836061478 -0.326311349869
0.231045201421 -0.332013487816
0.22886736691 -0.332437217236
0.207801267505 -0.33654782176
0.205457642674 -0.336857050657
0.184275880456 -0.339600920677
0.181765586138 -0.339782088995
0.160569503903 -0.341290980577
0.139605775476 -0.34174144268
0.136845692992 -0.341800004244
0.129099518061 -0.341800004244
0 -0.341800004244
