0.497288555 0
0.496432364 -0.004621081
0.496263057 -0.005470146
0.49164173 -0.026026415
0.491444677 -0.026883591
0.486222893 -0.047181271
0.485994607 -0.048048016
0.480112612 -0.06806469
0.479851931 -0.068936653
0.473230869 -0.088631332
0.472851694 -0.089723013
0.468450874 -0.100696005
0.466804743 -0.104507744
0.463671237 -0.11265596
0.460033149 -0.120329671
0.45302999 -0.13676919
0.450085104 -0.142352477
0.444330305 -0.154344127
0.441189855 -0.15983741
0.434966505 -0.171647891
0.431622952 -0.177041665
0.424891531 -0.188635141
0.421309114 -0.193906754
0.41398114 -0.205221504
0.408765703 -0.212016448
0.397944659 -0.226557106
0.389505923 -0.236283213
0.380173266 -0.246861801
0.374407738 -0.252892047
0.367534935 -0.259947211
0.354251981 -0.272157103
0.353921831 -0.272463083
0.339825302 -0.284042895
0.339535534 -0.284282446
0.324604183 -0.295036286
0.32435742 -0.295214951
0.304515004 -0.307208657
0.304282278 -0.307350129
0.283252597 -0.317492425
0.283108056 -0.31756261
0.261076063 -0.325753868
0.261033952 -0.325769693
0.252194375 -0.328218997
0.238304406 -0.33206743
0.238216758 -0.332084537
0.215108007 -0.33662191
0.214870363 -0.336652696
0.191598654 -0.339629143
0.191200748 -0.339657456
0.16791366 -0.341289699
0.167353749 -0.341301739
0.154527754 -0.341590315
0.13767156 -0.341800004
0 -0.341800004
