0.49972263 0
0.497963369 -0.009495052
0.495689511 -0.020897252
0.49372232 -0.029647507
0.491126567 -0.040939257
0.488906562 -0.04956875
0.485963941 -0.060741045
0.483466029 -0.069241472
0.480166972 -0.080276549
0.477358222 -0.088631332
0.473775983 -0.098944865
0.473167062 -0.10068851
0.468987226 -0.111556448
0.468598038 -0.112642035
0.459264517 -0.134550005
0.45838213 -0.136754408
0.450717688 -0.152724579
0.449983269 -0.154339343
0.441697896 -0.170062646
0.440894037 -0.171656176
0.431933194 -0.187089399
0.431054533 -0.188653141
0.421295375 -0.203722328
0.420335323 -0.205242828
0.40589872 -0.224643692
0.404493988 -0.22657381
0.40293172 -0.2284033
0.386647254 -0.246861801
0.37483865 -0.259212583
0.374140173 -0.259929597
0.372790217 -0.261170477
0.360637069 -0.272434294
0.359145343 -0.273659706
0.346345842 -0.284241259
0.34470731 -0.285421371
0.331252128 -0.295163929
0.329002172 -0.296523899
0.311278135 -0.307298481
0.30880177 -0.30849281
0.290202975 -0.31752634
0.287512302 -0.318526715
0.268228441 -0.325766385
0.265342623 -0.326565981
0.245602891 -0.332112074
0.242541969 -0.332713127
0.222500965 -0.336696178
0.219277292 -0.337108433
0.199066311 -0.339688301
0.195688799 -0.339924961
0.175447509 -0.341311514
0.173511177 -0.341355085
0.137748122 -0.341800004
0 -0.341800004
