0.501803935 0
0.499430031 -0.014356617
0.499006629 -0.016750135
0.495714366 -0.033258729
0.495227963 -0.035638787
0.491478324 -0.0519493
0.490926772 -0.054317277
0.486686647 -0.070415057
0.486072183 -0.072767466
0.481329322 -0.088631332
0.47933206 -0.094777755
0.477271169 -0.100678921
0.476428151 -0.102870785
0.472930461 -0.112627149
0.471052468 -0.117035285
0.463166118 -0.136736959
0.461629272 -0.139939263
0.455084532 -0.154329389
0.453426242 -0.157476351
0.446275502 -0.171652108
0.444484234 -0.1747372
0.436667949 -0.188647911
0.434717268 -0.191659987
0.426146388 -0.205234334
0.423255831 -0.209118843
0.410553813 -0.226571485
0.396427304 -0.243114367
0.393121272 -0.246861801
0.390333772 -0.249777272
0.380546808 -0.259924799
0.37747252 -0.262774497
0.367190093 -0.27242884
0.363871634 -0.275172472
0.353023887 -0.284222513
0.349454641 -0.28680706
0.338038951 -0.29512617
0.333230108 -0.298049659
0.318194717 -0.307245821
0.31301716 -0.309760749
0.297249913 -0.317481756
0.291741818 -0.319549799
0.275408655 -0.325752944
0.269623935 -0.327378362
0.252916873 -0.332137764
0.246895432 -0.333334595
0.229944393 -0.336752892
0.223715395 -0.337548018
0.206628665 -0.339751005
0.200220898 -0.340189844
0.183114678 -0.341341227
0.166147977 -0.341664523
0.137824699 -0.341800004
0 -0.341800004
