0.503655851 0
0.501933515 -0.011790043
0.500711143 -0.019182421
0.498643696 -0.030869791
0.497452736 -0.036841679
0.495087087 -0.048417162
0.493732333 -0.054310169
0.491062939 -0.065770864
0.489532918 -0.071579628
0.486572027 -0.082914971
0.484862983 -0.088631332
0.483180761 -0.093808256
0.481058419 -0.100669719
0.479098022 -0.10613735
0.476952612 -0.112612166
0.472542316 -0.123628952
0.467647761 -0.136715636
0.463996708 -0.144742906
0.459886104 -0.154311284
0.455902576 -0.162208065
0.451363444 -0.171637163
0.447012424 -0.179380745
0.442001015 -0.188631907
0.437228024 -0.19619149
0.431695312 -0.205217347
0.424604774 -0.214960441
0.416378289 -0.226564661
0.408441037 -0.23586005
0.399114549 -0.246861801
0.3952263 -0.251081258
0.386707246 -0.259915382
0.377659798 -0.268411696
0.373527974 -0.272418201
0.363896906 -0.280454278
0.359519452 -0.284200907
0.349297285 -0.291650951
0.344676465 -0.295088202
0.331092089 -0.303397566
0.325001985 -0.307193279
0.310613126 -0.31423983
0.304223418 -0.317428887
0.289165437 -0.323148251
0.282546848 -0.325713396
0.266985923 -0.33014679
0.26021862 -0.332115829
0.244269222 -0.335332632
0.237409979 -0.336750597
0.221160978 -0.338846028
0.214256629 -0.339765102
0.197803214 -0.340872735
0.190896064 -0.34135142
0.17432797 -0.341667235
0.137901261 -0.341800004
0 -0.341800004
