0.505240619 0
0.504795849 -0.003707594
0.503525913 -0.012968493
0.501915693 -0.023990912
0.500671148 -0.031491861
0.499093086 -0.040412646
0.497668952 -0.047852118
0.495867938 -0.056664813
0.494262218 -0.064044558
0.492236257 -0.072742656
0.491423637 -0.076143689
0.488161623 -0.088631332
0.485255808 -0.098144166
0.48457253 -0.100661315
0.481410414 -0.11020311
0.480706811 -0.112596899
0.473508477 -0.13184078
0.471867472 -0.136689723
0.465834022 -0.150732934
0.464427114 -0.15428406
0.457772523 -0.168107018
0.456198543 -0.171611309
0.448855191 -0.185167313
0.447098851 -0.188607395
0.438987046 -0.201841146
0.437030733 -0.205196053
0.424940735 -0.222251251
0.422011077 -0.226556033
0.418696731 -0.230638206
0.404943526 -0.246861801
0.395837992 -0.256742954
0.39278993 -0.259903759
0.389552802 -0.262943715
0.379795969 -0.272404552
0.37633127 -0.275295496
0.36595431 -0.284177035
0.362257987 -0.286870956
0.351263314 -0.295049429
0.346327335 -0.298068702
0.331771344 -0.307140827
0.326512992 -0.309715956
0.311170608 -0.317373246
0.305636019 -0.319475412
0.289668739 -0.325663775
0.283916235 -0.327302694
0.26751408 -0.332075149
0.261586159 -0.333270758
0.244881198 -0.336724043
0.238809556 -0.33750701
0.221905932 -0.339757174
0.215722308 -0.340173453
0.198718011 -0.341351897
0.192453995 -0.341471314
0.137977824 -0.341800004
0 -0.341800004
