0.506565154 0
0.506507576 -0.000576618
0.505937994 -0.005774795
0.50544858 -0.010005435
0.504121184 -0.020330578
0.502964914 -0.028762501
0.501669109 -0.037127145
0.500535667 -0.04395863
0.499057531 -0.052252937
0.497764677 -0.059006758
0.49610132 -0.067231685
0.494649887 -0.07390251
0.492807359 -0.082052313
0.492075533 -0.085115269
0.491157055 -0.088631332
0.490338892 -0.091309801
0.487802386 -0.100654036
0.486789525 -0.103710391
0.484182179 -0.112581186
0.481880009 -0.118735798
0.475814581 -0.136658251
0.473889261 -0.141139507
0.468696624 -0.154246002
0.466575593 -0.158651784
0.460771918 -0.171573207
0.458433181 -0.175890565
0.451957345 -0.188574612
0.449374229 -0.192788735
0.442153156 -0.205172241
0.438300878 -0.210606605
0.427452505 -0.226546958
0.415179789 -0.241662905
0.410772532 -0.246861801
0.404577851 -0.253584147
0.398733586 -0.259884596
0.388305992 -0.269997776
0.385935724 -0.272377878
0.374787629 -0.28192094
0.372275919 -0.284142077
0.360405624 -0.292972982
0.357755154 -0.295006037
0.341956019 -0.304854006
0.338467926 -0.307090819
0.321718127 -0.315451235
0.318062633 -0.317318022
0.300527245 -0.32411468
0.296748579 -0.325603545
0.278630495 -0.330875754
0.274780393 -0.332013488
0.256222725 -0.335850239
0.252336621 -0.336667866
0.233445853 -0.339183122
0.229553908 -0.339716464
0.210429117 -0.34104237
0.2065586 -0.34133637
0.196788445 -0.341542602
0.138054401 -0.341800004
0 -0.341800004
