0.507630587 0
0.507228076 -0.004539512
0.506937385 -0.007597974
0.506365716 -0.013197366
0.506029963 -0.016261462
0.504693747 -0.027384419
0.503906906 -0.033504892
0.502610445 -0.042519365
0.501841068 -0.047485512
0.500367343 -0.056424551
0.499491572 -0.061338793
0.497834265 -0.070202507
0.49685207 -0.07505928
0.496017337 -0.079095341
0.493861377 -0.088631332
0.492112011 -0.095936298
0.490844429 -0.100646637
0.489354163 -0.105715998
0.487473577 -0.112564303
0.484021276 -0.122763753
0.479584545 -0.13662295
0.476641744 -0.144050166
0.472793788 -0.154201999
0.469512492 -0.161507189
0.465180576 -0.171528026
0.46152401 -0.178689957
0.456663489 -0.188535854
0.452585161 -0.195530012
0.447138518 -0.205144614
0.440994978 -0.214172363
0.432774425 -0.226535663
0.425776333 -0.23515527
0.41637823 -0.246861801
0.414016455 -0.24956128
0.411965609 -0.251810074
0.404502302 -0.259855896
0.399691194 -0.264521927
0.391911 -0.272334486
0.386754215 -0.276748806
0.378449589 -0.284092635
0.372945666 -0.288187265
0.364120662 -0.294956505
0.356778622 -0.29953298
0.345065624 -0.307044148
0.33726114 -0.31093964
0.324878126 -0.317263335
0.316685379 -0.320438832
0.303768814 -0.325528264
0.295280129 -0.3279984
0.282004565 -0.331921369
0.273287833 -0.333723545
0.259768724 -0.336567938
0.250873446 -0.337752312
0.237199903 -0.339626163
0.228170261 -0.340252191
0.214428067 -0.341295987
0.199338987 -0.341614515
0.138130963 -0.341800004
0 -0.341800004
