0.508431733 0
0.508114159 -0.004632986
0.507967472 -0.006648366
0.507486641 -0.012536596
0.507306635 -0.014566241
0.506754994 -0.020436618
0.506546915 -0.022474531
0.50524658 -0.034135412
0.504756033 -0.03821861
0.503502488 -0.047674697
0.503025055 -0.050993893
0.501603723 -0.060372073
0.501061559 -0.063660428
0.499462247 -0.072959222
0.498854131 -0.076211646
0.49707517 -0.085422143
0.496769816 -0.086898662
0.496378064 -0.088631332
0.495608658 -0.091844186
0.493585944 -0.100638218
0.492475986 -0.104679532
0.490472049 -0.11254479
0.487871051 -0.120668374
0.48307693 -0.13658163
0.480836689 -0.142491505
0.47662586 -0.154150009
0.474113494 -0.159961522
0.469337046 -0.171473056
0.466524184 -0.177170992
0.461133718 -0.188487008
0.457981139 -0.194052175
0.451908886 -0.205108538
0.447132885 -0.212291747
0.437910378 -0.226518691
0.433780432 -0.231919587
0.421784669 -0.246861801
0.41495353 -0.254669756
0.41024825 -0.259829134
0.399343789 -0.270780146
0.397865236 -0.27229315
0.386146635 -0.282656878
0.384603858 -0.284045041
0.372071326 -0.293658912
0.370468676 -0.294908494
0.353716731 -0.305651844
0.351648182 -0.30699867
0.333802909 -0.316112459
0.331681132 -0.317210555
0.312920481 -0.324603051
0.310779512 -0.32545644
0.291352123 -0.331197441
0.289221913 -0.331834018
0.26929453 -0.336026698
0.267196208 -0.336473286
0.246886522 -0.339256585
0.244842947 -0.339540511
0.224264994 -0.341103643
0.222295418 -0.341257572
0.221853718 -0.341270477
0.138207525 -0.341800004
0 -0.341800004
