0.509015679 0
0.509014606 -2.84e-05
0.508700669 -0.00605809
0.508641124 -0.007160338
0.508253336 -0.013193769
0.508176327 -0.01431697
0.507724583 -0.020345006
0.5076316 -0.021483039
0.507114887 -0.027496273
0.507007062 -0.028643832
0.505783856 -0.04059054
0.505525887 -0.042904083
0.504352272 -0.052597158
0.504102111 -0.054483961
0.502770782 -0.064098805
0.502487004 -0.065971062
0.500986278 -0.075505137
0.500667512 -0.077358492
0.500172734 -0.079910353
0.498488218 -0.088631332
0.497663707 -0.093451597
0.496030182 -0.100626379
0.49412927 -0.108085461
0.493181825 -0.112520203
0.488650471 -0.127558485
0.486302793 -0.136533722
0.482336283 -0.14751482
0.480212837 -0.154092401
0.475722075 -0.164914891
0.473263264 -0.171410695
0.468200505 -0.18203862
0.465383261 -0.188426554
0.459679693 -0.198811769
0.456472516 -0.205058634
0.447794318 -0.218446702
0.442873329 -0.226491347
0.43522203 -0.236664549
0.432102293 -0.240744308
0.427191138 -0.246861801
0.415890574 -0.259778261
0.41585809 -0.259813905
0.41578275 -0.259889543
0.403689384 -0.2722646
0.403565288 -0.272374332
0.390634269 -0.284009099
0.39045918 -0.284143418
0.376701385 -0.294870466
0.376414984 -0.295054168
0.358126879 -0.306961566
0.357756168 -0.3071509
0.338395029 -0.317171097
0.337933481 -0.31735298
0.317719251 -0.325410277
0.317164302 -0.325574249
0.296386391 -0.331783354
0.295747429 -0.331917793
0.274586499 -0.3364214
0.273866564 -0.336520046
0.252460957 -0.339494079
0.251655698 -0.339555264
0.23014389 -0.341236711
0.225319549 -0.341377527
0.138284102 -0.341800004
0 -0.341800004
