0.509370744 0
0.50930351 -0.002643232
0.509299636 -0.002794385
0.509082854 -0.008810071
0.509070694 -0.009136852
0.508771956 -0.015170392
0.508753836 -0.015518918
0.508392155 -0.021561226
0.508368611 -0.021927441
0.507953942 -0.027969629
0.50792551 -0.028349129
0.507454395 -0.034379009
0.507420897 -0.03476882
0.506308794 -0.0467548
0.506226242 -0.047560792
0.505161226 -0.057290923
0.505080819 -0.057955042
0.503867924 -0.06760776
0.503776252 -0.068269908
0.502405107 -0.07784225
0.502301633 -0.078499287
0.501619816 -0.082748346
0.501311481 -0.084338762
0.500482321 -0.088631332
0.498598009 -0.099647649
0.498378158 -0.100613244
0.498122334 -0.101617105
0.495798588 -0.112493776
0.495193362 -0.114502393
0.48944366 -0.136483625
0.488919139 -0.137935787
0.483722389 -0.15403308
0.483131647 -0.155456766
0.477117151 -0.171346053
0.476453453 -0.172739297
0.469563305 -0.188362285
0.468816489 -0.189722106
0.46097067 -0.205004036
0.459832996 -0.206759125
0.447781533 -0.226460397
0.442703307 -0.233212426
0.43250829 -0.246861801
0.431350142 -0.248304248
0.425201863 -0.25541845
0.421382517 -0.259815603
0.419710159 -0.261527061
0.409431189 -0.272258013
0.407598317 -0.273907274
0.396584034 -0.283994555
0.394590199 -0.285549253
0.382854611 -0.294849962
0.380148321 -0.296612144
0.364527881 -0.306937218
0.36159423 -0.308455586
0.345037788 -0.317150474
0.341897994 -0.318402052
0.324599624 -0.325399935
0.321291178 -0.326388627
0.303501457 -0.331782222
0.300058633 -0.332514942
0.281934649 -0.336426467
0.278378397 -0.336920559
0.260040343 -0.339501828
0.256383777 -0.339787632
0.237949282 -0.341240704
0.232577428 -0.34137392
0.228785396 -0.341484606
0.138360664 -0.341800004
0 -0.341800004
