0.509503186 0
0.509501874 -0.002809438
0.509443939 -0.006904296
0.509442568 -0.006988734
0.509440005 -0.007118656
0.509387434 -0.009768645
0.509384394 -0.009894371
0.509317696 -0.01255649
0.509309888 -0.012800098
0.509125352 -0.01816221
0.509115696 -0.018391218
0.508865178 -0.023806131
0.508854449 -0.024022194
0.508553624 -0.029476948
0.50854212 -0.029682111
0.508199453 -0.035161998
0.508187115 -0.035358027
0.507800162 -0.040848441
0.507772684 -0.041223861
0.506863117 -0.052186999
0.506838202 -0.052474104
0.505964041 -0.061405193
0.505936027 -0.061682619
0.504931808 -0.070555657
0.504900396 -0.070827059
0.503760695 -0.079633854
0.502499104 -0.088363506
0.50245899 -0.088631332
0.502413332 -0.08898706
0.500395179 -0.100594118
0.499020338 -0.107026935
0.498089075 -0.112457678
0.494695872 -0.125426725
0.49227792 -0.136420548
0.489218622 -0.145895854
0.486945182 -0.153960437
0.483409256 -0.163301185
0.480704397 -0.171267852
0.476656735 -0.180445477
0.473495841 -0.188283727
0.468887359 -0.197260186
0.465241849 -0.204934955
0.458157927 -0.216516048
0.452499747 -0.226418883
0.44819209 -0.232712477
0.43762365 -0.246861801
0.432690322 -0.25300616
0.426787555 -0.259836286
0.419219851 -0.267737508
0.415058315 -0.272278696
0.406904727 -0.279746592
0.402421951 -0.284011453
0.393690854 -0.290931433
0.388897568 -0.294862062
0.377218038 -0.302582622
0.370819092 -0.306943804
0.358369738 -0.313482165
0.351575375 -0.317167521
0.33848995 -0.322461367
0.33138302 -0.325441808
0.317846566 -0.329545945
0.310523629 -0.331838995
0.296660513 -0.33483097
0.289190799 -0.336488217
0.275089085 -0.338473141
0.26752758 -0.339559674
0.253267497 -0.340683609
0.24565652 -0.341267258
0.239309132 -0.34140563
0.234756097 -0.341518551
0.232251242 -0.341591656
0.138437226 -0.341800004
0 -0.341800004
