0.509508252 0
0.509501874 -0.013762978
0.509476483 -0.015559574
0.509453893 -0.016926877
0.509447277 -0.017369341
0.509445131 -0.017500561
0.509399831 -0.019788191
0.509397328 -0.019918272
0.509342074 -0.022214703
0.509335816 -0.022473186
0.509187818 -0.027096804
0.50917995 -0.027351666
0.508983314 -0.032015406
0.508974075 -0.03226674
0.508739948 -0.036959283
0.508729458 -0.037207227
0.508464456 -0.041917372
0.508452892 -0.042162135
0.508156419 -0.046879061
0.508129716 -0.047361735
0.507440031 -0.056778662
0.50741446 -0.057164572
0.506749988 -0.064830706
0.506720424 -0.065210909
0.505951107 -0.072826028
0.505917668 -0.07320182
0.505041838 -0.080761462
0.505005479 -0.081133232
0.503883243 -0.088631332
0.502351522 -0.10056816
0.502350926 -0.100573875
0.50032109 -0.112405546
0.500319242 -0.112419784
0.495064855 -0.136302665
0.495055586 -0.136355042
0.490126371 -0.1538378
0.490114987 -0.15388529
0.484258026 -0.171134755
0.484242439 -0.171187118
0.47740218 -0.188148856
0.477382779 -0.18820253
0.469493598 -0.204811469
0.469471186 -0.20486322
0.45721373 -0.226316869
0.457182825 -0.226375446
0.457107753 -0.226486817
0.447797358 -0.240089536
0.44273901 -0.246861801
0.434030533 -0.257708073
0.432170391 -0.259860456
0.42978555 -0.26235041
0.420663625 -0.272304535
0.418084025 -0.274667203
0.408238143 -0.284034491
0.405466169 -0.286231458
0.39491868 -0.294880629
0.39119941 -0.297339171
0.3770881 -0.306956738
0.373109758 -0.309046149
0.358091235 -0.317192346
0.353893965 -0.318890393
0.338145882 -0.325494677
0.333787084 -0.326816231
0.317525685 -0.331908166
0.313048184 -0.332874537
0.296426564 -0.336562246
0.291859061 -0.337205172
0.274993956 -0.339628547
0.270359486 -0.339993805
0.253341079 -0.341298878
0.239148125 -0.341608286
0.236934766 -0.341663182
0.235717088 -0.341698736
0.138513803 -0.341800004
0 -0.341800004
