0.509513319 0
0.509503365 -0.021450309
0.509501874 -0.02462681
0.509500861 -0.024770668
0.509493411 -0.025286907
0.509458363 -0.027615296
0.509440243 -0.028736988
0.509421527 -0.029681001
0.509400189 -0.03080529
0.50937736 -0.031753995
0.509322941 -0.034012433
0.509261668 -0.035926547
0.509191155 -0.038198598
0.509109616 -0.040132802
0.509025455 -0.04241316
0.508928239 -0.044362273
0.508831918 -0.04664607
0.508721709 -0.048604984
0.508613706 -0.050887976
0.508490264 -0.05285183
0.508238614 -0.057400938
0.507951021 -0.061328448
0.507705688 -0.065025553
0.507428348 -0.068225756
0.507142603 -0.071896181
0.506821275 -0.075077176
0.506496787 -0.078721374
0.506130755 -0.081880681
0.505776644 -0.085496821
0.505307496 -0.088631332
0.504667163 -0.09362141
0.503929317 -0.100545362
0.503000438 -0.10595949
0.502170682 -0.11236687
0.499768347 -0.123286165
0.497465193 -0.136266947
0.495214075 -0.144251063
0.4929308 -0.153784677
0.490257591 -0.161657646
0.487452656 -0.171083301
0.484331846 -0.178821966
0.480975747 -0.188104182
0.477376938 -0.195680708
0.473437726 -0.204778969
0.467846155 -0.21456565
0.461641192 -0.226324201
0.449032307 -0.245030165
0.44782272 -0.246861801
0.447392821 -0.247443751
0.437420666 -0.259894222
0.428679019 -0.269434392
0.42614305 -0.272349238
0.41668123 -0.281351835
0.413935542 -0.28408587
0.40377444 -0.292418659
0.400826484 -0.294935197
0.38719821 -0.304223984
0.383247226 -0.307009935
0.368702531 -0.314899474
0.364497662 -0.317256987
0.349201441 -0.323672056
0.344798088 -0.32558313
0.328960389 -0.330542535
0.324414223 -0.332004875
0.30818826 -0.335604906
0.303545475 -0.336652666
0.287041485 -0.339024216
0.282340735 -0.339702547
0.265638471 -0.340983361
0.260905385 -0.341330558
0.240031227 -0.341787845
0.138590366 -0.341800004
0 -0.341800004
