0.509518385 0
0.509510279 -0.01744052
0.509501874 -0.035169374
0.509496272 -0.035972279
0.509469926 -0.037792966
0.509468138 -0.037986681
0.509443462 -0.039509345
0.509441316 -0.039702948
0.509412289 -0.041232392
0.509406865 -0.041620504
0.509332597 -0.044702165
0.509325624 -0.045090694
0.509229004 -0.048202176
0.509220362 -0.048590407
0.509104788 -0.051722966
0.509094417 -0.052110121
0.508961797 -0.055255629
0.508949637 -0.055641267
0.508800566 -0.058792599
0.508771002 -0.059558827
0.508422852 -0.065855116
0.508393586 -0.066474833
0.508053362 -0.071604274
0.508019745 -0.072218359
0.507622898 -0.077317975
0.507585406 -0.077927008
0.507134259 -0.082995139
0.506641448 -0.088027962
0.506573915 -0.088631332
0.506492555 -0.090321504
0.505447567 -0.100515693
0.504048944 -0.111308791
0.503959775 -0.112311482
0.500088513 -0.134121358
0.499809623 -0.136174202
0.495980114 -0.152161151
0.495682716 -0.153679222
0.490983903 -0.169467568
0.490602612 -0.170975447
0.484984159 -0.186514467
0.484513223 -0.188002989
0.47791931 -0.203232691
0.477353543 -0.204693034
0.466961712 -0.224386394
0.466054618 -0.226272568
0.465196013 -0.227715313
0.452551872 -0.246861801
0.446878433 -0.254541993
0.442557991 -0.259936154
0.438770682 -0.264069408
0.431514025 -0.272410184
0.427409023 -0.276315987
0.419529647 -0.284161985
0.415116131 -0.287781328
0.406634927 -0.295021355
0.400709689 -0.299059868
0.389309019 -0.307098806
0.38297829 -0.310532808
0.370806187 -0.317357183
0.364139855 -0.320152968
0.351350188 -0.32570374
0.344438821 -0.327867955
0.331199229 -0.332126647
0.324112117 -0.333699048
0.310556889 -0.336758167
0.303342789 -0.337794781
0.289576501 -0.339781374
0.282267541 -0.340341866
0.26835677 -0.341362327
0.259208977 -0.341562718
0.138666943 -0.341800004
0 -0.341800004
