0.509523451 0
0.509517193 -0.013430731
0.509501874 -0.045711938
0.509491682 -0.047173891
0.509482443 -0.047810405
0.509474576 -0.048652384
0.509465992 -0.049185392
0.509456515 -0.050029971
0.509446323 -0.050566006
0.5094226 -0.052265007
0.509396493 -0.053347528
0.509365678 -0.055059586
0.509331703 -0.056154776
0.509293318 -0.057875387
0.509252608 -0.058979858
0.509206295 -0.060704187
0.509159505 -0.06181486
0.509105086 -0.063539587
0.509052396 -0.064653754
0.508919656 -0.068092845
0.508796275 -0.070323654
0.50866425 -0.073121391
0.508543551 -0.074940994
0.50839138 -0.07772176
0.508250475 -0.079532504
0.508080423 -0.08229658
0.507920146 -0.084097467
0.507745028 -0.085885808
0.507437766 -0.088631332
0.507067561 -0.096322119
0.506641328 -0.100479811
0.506070912 -0.104881771
0.505415916 -0.112242877
0.503838599 -0.121129237
0.501810372 -0.13605696
0.500251889 -0.142563254
0.498099893 -0.15354839
0.496188849 -0.159969628
0.493438452 -0.170846522
0.491154373 -0.177163586
0.487761736 -0.187886834
0.485081792 -0.194076657
0.48100543 -0.204598397
0.476782113 -0.212601885
0.470233649 -0.226218924
0.464034915 -0.236634642
0.457281023 -0.246861801
0.449249178 -0.257734567
0.447605371 -0.259977221
0.437842548 -0.271199793
0.436800987 -0.272476017
0.426178277 -0.28305456
0.425046772 -0.284249157
0.413592547 -0.294027567
0.412372619 -0.295123935
0.39694801 -0.30600071
0.395305157 -0.307207733
0.3788037 -0.316459745
0.377048939 -0.317471564
0.359672368 -0.32501334
0.357832819 -0.325825125
0.339811504 -0.331622124
0.337913215 -0.332240343
0.319435179 -0.336410552
0.317497253 -0.336847425
0.298700124 -0.339560181
0.296741545 -0.339835852
0.277705282 -0.341232508
0.275742352 -0.341380596
0.272433788 -0.341452867
0.138743505 -0.341800004
0 -0.341800004
