0.509528458 0
0.509524107 -0.009420943
0.509501934 -0.056136351
0.509501874 -0.056251295
0.509501874 -0.056252379
0.509501874 -0.056255713
0.509491503 -0.057710167
0.509490728 -0.057857025
0.509482443 -0.058749203
0.50948149 -0.058896363
0.509471416 -0.05979266
0.509469271 -0.060088683
0.509444058 -0.061895881
0.509441316 -0.062193897
0.509408474 -0.06401971
0.509405077 -0.064318761
0.509364128 -0.066157781
0.509360015 -0.066457249
0.509310544 -0.068303809
0.509305656 -0.068603113
0.509247363 -0.070453219
0.509235442 -0.071049914
0.509092927 -0.074747331
0.509081125 -0.075232245
0.508939028 -0.078245938
0.508925736 -0.078727819
0.508761704 -0.08172708
0.508747101 -0.082206026
0.508563638 -0.085190266
0.508526027 -0.086626172
0.508301616 -0.088631332
0.507959664 -0.095735177
0.507707655 -0.100440107
0.506839037 -0.110194772
0.506738245 -0.112167463
0.504054785 -0.131909847
0.503671229 -0.135929659
0.500828922 -0.150436074
0.500379384 -0.153408021
0.496750295 -0.167758211
0.496141672 -0.170709729
0.491667926 -0.184849471
0.490883917 -0.187765032
0.485509872 -0.20163624
0.484538287 -0.204500705
0.475904226 -0.222454682
0.474302411 -0.22616528
0.466002494 -0.240296885
0.462873846 -0.245553985
0.462010175 -0.246861801
0.460983068 -0.248252183
0.452360809 -0.260015488
0.447311193 -0.265820146
0.441812485 -0.272557706
0.436315536 -0.278031796
0.430309206 -0.284373045
0.424380273 -0.289434552
0.417874515 -0.29528138
0.409888923 -0.300912499
0.401080549 -0.307384133
0.392535299 -0.312175274
0.383068353 -0.317633927
0.374065816 -0.32154122
0.364077002 -0.325949281
0.354735464 -0.32895422
0.344381958 -0.332326144
0.334801495 -0.334488302
0.324190825 -0.336880296
0.314443588 -0.338286996
0.303658783 -0.339804977
0.293784201 -0.340529442
0.282894552 -0.341351062
0.264540106 -0.341751933
0.138820067 -0.341800004
0 -0.341800004
