0.509533525 0
0.509531021 -0.005411153
0.509514749 -0.039730806
0.509501874 -0.066062532
0.509501874 -0.066310637
0.509499371 -0.067075133
0.50949651 -0.067473158
0.509494066 -0.06793756
0.509491801 -0.068181999
0.509488881 -0.0686481
0.509486139 -0.068893947
0.509479165 -0.069832936
0.509472251 -0.070329674
0.509463489 -0.071277663
0.509454429 -0.071780406
0.509443641 -0.072734073
0.509432316 -0.073241279
0.509419203 -0.074198313
0.509405553 -0.074708305
0.509389937 -0.075666614
0.509373844 -0.076178215
0.509335637 -0.07809189
0.509296119 -0.079116471
0.50925827 -0.080675907
0.509218812 -0.081512071
0.509176016 -0.083064243
0.509130478 -0.083897233
0.509083271 -0.08544182
0.509032249 -0.086271353
0.508999944 -0.087504022
0.508859992 -0.088631332
0.508808374 -0.094482839
0.508491933 -0.100391939
0.50818938 -0.103789508
0.507765889 -0.112077057
0.506832004 -0.118947588
0.505226016 -0.135780394
0.504237592 -0.140824869
0.502358675 -0.15324685
0.501097322 -0.158234358
0.498556495 -0.17055583
0.497002423 -0.175467715
0.493731707 -0.187630951
0.491865307 -0.192448407
0.487812728 -0.204396397
0.484814614 -0.210630789
0.478131801 -0.226111636
0.473462552 -0.234061584
0.466200352 -0.246861801
0.457860768 -0.259038061
0.457116276 -0.260053754
0.456779867 -0.260440469
0.446823984 -0.272639394
0.446452796 -0.273009032
0.435571641 -0.284496933
0.435167968 -0.284841537
0.423376441 -0.295438826
0.422829837 -0.29582426
0.406855941 -0.307560533
0.406266898 -0.307890773
0.389087766 -0.31779632
0.388459295 -0.3180691
0.370321214 -0.326073408
0.369659424 -0.326286316
0.350850701 -0.332411915
0.350167781 -0.332566053
0.330884397 -0.336913168
0.330187082 -0.337013811
0.310576022 -0.339774102
0.30986312 -0.339826405
0.290046781 -0.341321528
0.288261026 -0.341360539
0.138896644 -0.341800004
0 -0.341800004
