0.509538591 0
0.509537935 -0.001401364
0.509527564 -0.023325263
0.509501874 -0.07587377
0.509501874 -0.076368891
0.509499609 -0.077064551
0.509497523 -0.077451386
0.509495139 -0.077839941
0.509489298 -0.07862372
0.509482026 -0.079415977
0.509472966 -0.080213882
0.509461999 -0.081015386
0.509449005 -0.081818648
0.509416997 -0.083424851
0.509385228 -0.084734991
0.509349287 -0.086039945
0.509309649 -0.087339327
0.509149253 -0.088631332
0.50907433 -0.097123377
0.509060025 -0.097607061
0.508614123 -0.106322937
0.508347034 -0.116750427
0.506658435 -0.134446293
0.506170213 -0.139543563
0.504196346 -0.152591929
0.503391802 -0.157652989
0.500724137 -0.170588687
0.497292399 -0.183350429
0.496147037 -0.188349918
0.491895765 -0.200883523
0.490369737 -0.205780789
0.483359933 -0.222019047
0.481435657 -0.226775065
0.479102373 -0.23134324
0.470297933 -0.246861801
0.464894414 -0.254751235
0.461923838 -0.259511232
0.458617002 -0.264043689
0.452473491 -0.271571547
0.448829859 -0.275833517
0.442109138 -0.282929152
0.438142627 -0.286888838
0.430855423 -0.293438077
0.426590413 -0.297067463
0.416713953 -0.304324001
0.412183523 -0.307614118
0.407427877 -0.310580999
0.396801293 -0.316708505
0.391856194 -0.319340974
0.380624294 -0.324297696
0.375496626 -0.32651934
0.370190918 -0.32826519
0.358534276 -0.332061529
0.353100449 -0.333392203
0.341143906 -0.336087614
0.335642874 -0.337110192
0.323477447 -0.338822544
0.312383145 -0.340142876
0.300082743 -0.34107092
0.288925052 -0.341511577
0.138973206 -0.341800004
0 -0.341800004
