0.509543657 0
0.509540319 -0.006919718
0.509501874 -0.085685007
0.509501874 -0.086427152
0.509501457 -0.086552195
0.5095011 -0.086621732
0.509500682 -0.086691573
0.509499609 -0.086832456
0.509498298 -0.086974867
0.509496689 -0.08711829
0.509494722 -0.087262362
0.509492338 -0.087406747
0.509486616 -0.087695464
0.509480894 -0.087930962
0.509474456 -0.088165529
0.509467304 -0.08839909
0.509438515 -0.088631332
0.509425044 -0.090157785
0.509379983 -0.091680422
0.509256959 -0.094084814
0.50841701 -0.126877531
0.5079512 -0.131759167
0.506417155 -0.147774562
0.505872667 -0.151374131
0.503346384 -0.167265624
0.502610505 -0.170834109
0.501663804 -0.174354598
0.498070627 -0.190038949
0.496897846 -0.19349651
0.492111355 -0.208857223
0.490177602 -0.213336751
0.484142363 -0.228253335
0.476824343 -0.242580801
0.474395514 -0.246861801
0.472904861 -0.249038205
0.466735423 -0.258924097
0.459867567 -0.268337339
0.458172798 -0.270413995
0.450601131 -0.279270619
0.448747128 -0.281228065
0.440501481 -0.289459497
0.438491225 -0.291266203
0.429622948 -0.298812807
0.42689839 -0.300814629
0.417475283 -0.307657897
0.407583803 -0.313828886
0.404652327 -0.315519243
0.39436084 -0.320997804
0.391262352 -0.322365195
0.380583823 -0.326991796
0.369534463 -0.33062762
0.366318822 -0.331674874
0.354999483 -0.334446847
0.351701081 -0.335190415
0.340239793 -0.337320924
0.336883783 -0.337793291
0.313759029 -0.340545356
0.310365796 -0.340801388
0.287094325 -0.341720432
0.139049768 -0.341800004
0 -0.341800004
