0.509546757 0
0.509501576 -0.087382637
0.509501874 -0.095474802
0.509278953 -0.108889066
0.508864105 -0.125084892
0.508319974 -0.135666043
0.50760603 -0.143119544
0.506578505 -0.153943509
0.505109429 -0.164110631
0.504080951 -0.170580193
0.503218412 -0.175316527
0.502360523 -0.179481044
0.500989318 -0.185466304
0.499001145 -0.193710446
0.497291893 -0.199195713
0.493477255 -0.211721927
0.487700045 -0.226475433
0.486046404 -0.230562553
0.484041274 -0.234488249
0.478035122 -0.246861771
0.472238302 -0.256150544
0.470651686 -0.25904128
0.463977844 -0.268188626
0.462380022 -0.270613611
0.455022246 -0.279220045
0.453198403 -0.281462222
0.44518587 -0.289460987
0.443157583 -0.291504145
0.434540212 -0.298837215
0.432898492 -0.300233066
0.423741966 -0.306882769
0.422006249 -0.308160305
0.412394971 -0.314156473
0.410573155 -0.315315455
0.400572717 -0.320639104
0.39867276 -0.321672648
0.396702468 -0.322563559
0.386325538 -0.327059507
0.384293884 -0.327791899
0.373556942 -0.331324905
0.362557143 -0.334018618
0.358363301 -0.335083157
0.347225964 -0.337153465
0.344375938 -0.337657422
0.321904421 -0.340331733
0.319021493 -0.340677828
0.316110462 -0.340857595
0.293495983 -0.341750711
0.139126346 -0.341800004
0 -0.341800004
