0.509544492 0
0.50950104 -0.084087238
0.509501874 -0.105251402
0.509256005 -0.120045349
0.509082913 -0.123385653
0.508529246 -0.13249886
0.50810796 -0.140603095
0.50715518 -0.150202781
0.506434739 -0.157703027
0.505169988 -0.166549772
0.504277229 -0.172676697
0.503529489 -0.176910162
0.503031194 -0.179624096
0.502302647 -0.183307245
0.501835525 -0.185557604
0.500114083 -0.193089724
0.49907732 -0.197362825
0.495782793 -0.209051222
0.493991107 -0.214910895
0.489361465 -0.228179723
0.487130731 -0.233880848
0.486018121 -0.237333119
0.48139289 -0.246861741
0.47816658 -0.252031535
0.474016994 -0.259591907
0.469847947 -0.265306115
0.465669036 -0.271648437
0.461074084 -0.277023196
0.456304044 -0.28288734
0.451301366 -0.287881404
0.445996553 -0.29322508
0.440617353 -0.297802597
0.436323583 -0.301453292
0.430608571 -0.305603683
0.426069021 -0.308944911
0.420070946 -0.31268692
0.415306181 -0.315718144
0.409065992 -0.31904006
0.404096872 -0.32174319
0.398943812 -0.324073255
0.392470062 -0.326878071
0.387156457 -0.328793615
0.380458772 -0.330997497
0.373597115 -0.332677811
0.362628579 -0.335462064
0.355682492 -0.336753249
0.348228544 -0.338071346
0.334215701 -0.339738995
0.326675743 -0.340644121
0.319062203 -0.341114283
0.304963797 -0.34167105
0.139202908 -0.341800004
0 -0.341800004
