0.509542286 0
0.509500504 -0.080791838
0.509501874 -0.115028001
0.509457111 -0.117721982
0.509342074 -0.119941987
0.509078443 -0.126635656
0.50862664 -0.133150488
0.507979035 -0.143832192
0.507253528 -0.150854781
0.506256878 -0.160923913
0.505330384 -0.16752921
0.504136801 -0.175903842
0.50359726 -0.179115564
0.502937794 -0.182859167
0.502416611 -0.185673296
0.501799226 -0.188802287
0.500583708 -0.194593832
0.499207616 -0.200635508
0.496914476 -0.209730417
0.494524449 -0.218251452
0.491324097 -0.228741542
0.48834312 -0.237335652
0.486129969 -0.243562192
0.485690802 -0.244924888
0.484750658 -0.246861711
0.484094858 -0.247912541
0.477382302 -0.260142535
0.475718051 -0.262423605
0.46895805 -0.272683263
0.467125893 -0.274826318
0.459409654 -0.284312427
0.457416832 -0.286301821
0.448835552 -0.294946015
0.446694493 -0.29676798
0.439748675 -0.302673519
0.437475204 -0.304324597
0.430131793 -0.309729517
0.427746922 -0.311217368
0.420039207 -0.316120833
0.417559266 -0.317440987
0.409520984 -0.321813703
0.401185125 -0.325582951
0.398614585 -0.326696664
0.390019029 -0.329795331
0.387360603 -0.330670089
0.384637088 -0.331337035
0.366893828 -0.33584097
0.36413902 -0.336353034
0.35208118 -0.338485241
0.34652698 -0.339146227
0.334329963 -0.340610415
0.322013915 -0.34137094
0.316431612 -0.341591418
0.13927947 -0.341800004
0 -0.341800004
