0.509539962 0
0.509539962 -0.000214693
0.509499967 -0.077496432
0.509501398 -0.112822644
0.509501874 -0.124110468
0.509488642 -0.124438211
0.509226322 -0.129911318
0.508939981 -0.133840948
0.508024216 -0.147090644
0.50756669 -0.151545435
0.506268322 -0.164176688
0.505682945 -0.168543041
0.504201531 -0.179165542
0.503857613 -0.181354389
0.503059447 -0.186130434
0.502726614 -0.188073143
0.501987219 -0.19208473
0.501212895 -0.196126014
0.499579936 -0.203948915
0.498115093 -0.210421801
0.495305419 -0.221633688
0.493234992 -0.229294077
0.489738643 -0.240821317
0.488292605 -0.244950429
0.487598747 -0.246861696
0.485967815 -0.250402093
0.48062259 -0.26051116
0.479589045 -0.262271196
0.472268373 -0.273380756
0.471074075 -0.275027186
0.4627271 -0.285288215
0.461376816 -0.28679511
0.452102423 -0.296137273
0.450988621 -0.29716149
0.44348684 -0.303539574
0.442291886 -0.304468244
0.434364349 -0.310302973
0.433094382 -0.31113416
0.424777061 -0.316425323
0.423440248 -0.317157686
0.41476956 -0.321874261
0.413377047 -0.322507352
0.404390275 -0.326570809
0.402953416 -0.327104688
0.393689632 -0.330444157
0.390716821 -0.331240743
0.371601105 -0.336093038
0.369566232 -0.336452693
0.356584966 -0.338748127
0.354523987 -0.33899048
0.341397852 -0.340566069
0.339324892 -0.34070608
0.326079726 -0.341523945
0.324012846 -0.341575742
0.139356047 -0.341800004
0 -0.341800004
