0.509536803 0
0.509536743 -0.0020422
0.509499431 -0.074201033
0.509500742 -0.107185513
0.509501874 -0.132994115
0.509475291 -0.133651331
0.508346915 -0.149188921
0.508255482 -0.150380358
0.508068621 -0.152269781
0.506513536 -0.167468801
0.506245494 -0.169594422
0.504526854 -0.182471067
0.504357219 -0.183634475
0.503447354 -0.189446539
0.503278553 -0.190514654
0.50244242 -0.195412129
0.502042413 -0.19769375
0.500208318 -0.207305431
0.49942407 -0.211132467
0.496289372 -0.225050077
0.495453924 -0.228602931
0.491308272 -0.244007945
0.490272254 -0.246861696
0.486451805 -0.255155027
0.483615339 -0.260519445
0.479501814 -0.267524332
0.475620657 -0.273414254
0.470881045 -0.279948205
0.466459543 -0.285383582
0.461113214 -0.291350067
0.456204355 -0.296294779
0.451802969 -0.300342172
0.447834402 -0.303716302
0.443118572 -0.307381094
0.438926488 -0.310466498
0.43392092 -0.313742638
0.429524243 -0.316539615
0.424261212 -0.319422901
0.419678956 -0.321915537
0.41420272 -0.324405223
0.409454495 -0.326552182
0.40380922 -0.32864967
0.398915917 -0.33041364
0.387246966 -0.333540469
0.377156079 -0.33610189
0.369183809 -0.337511003
0.362334013 -0.338722229
0.354270935 -0.33967039
0.347347617 -0.340501428
0.339248359 -0.341048419
0.332265377 -0.341479599
0.324198812 -0.341681838
0.139432609 -0.341800004
0 -0.341800004
