0.509533703 0
0.509533584 -0.003869706
0.509498894 -0.070905626
0.509500146 -0.101548381
0.509501874 -0.14187777
0.509500027 -0.1419231
0.509422183 -0.142994776
0.508601725 -0.153689414
0.506924152 -0.17064926
0.506910086 -0.170786232
0.50636065 -0.175144166
0.505019724 -0.185804725
0.50501585 -0.185840473
0.504003704 -0.192790985
0.503997862 -0.192841575
0.503062785 -0.19876729
0.50304544 -0.198902711
0.500983715 -0.210686669
0.500938714 -0.210991487
0.500881791 -0.211308002
0.497316241 -0.228766948
0.49546054 -0.236611083
0.493554413 -0.244717047
0.493067473 -0.246526495
0.49294579 -0.246861696
0.486935794 -0.259907991
0.486608118 -0.26052773
0.479414612 -0.272777498
0.478972971 -0.273447722
0.470687985 -0.284869224
0.470192015 -0.28547895
0.460849613 -0.295905024
0.460306317 -0.296452284
0.452617347 -0.303522825
0.452181935 -0.303893
0.443945229 -0.310293943
0.443488657 -0.310629994
0.434747458 -0.316351116
0.434271455 -0.316653907
0.425082207 -0.321688145
0.424588323 -0.321956813
0.415028423 -0.326303065
0.414518744 -0.326533526
0.404665023 -0.330194682
0.404142231 -0.330383122
0.383777082 -0.335840166
0.382711053 -0.336110771
0.368801385 -0.338569313
0.36808306 -0.338696331
0.354017884 -0.34035033
0.353297353 -0.340436816
0.339171827 -0.341390789
0.338451028 -0.341435283
0.324384749 -0.341787934
0.139509171 -0.341800004
0 -0.341800004
