0.509530544 0
0.509530425 -0.005697213
0.509498358 -0.067610227
0.50949949 -0.09591125
0.509501159 -0.13436991
0.509501874 -0.14587526
0.509501874 -0.150081754
0.508909464 -0.157809943
0.508659005 -0.160763621
0.507341325 -0.174109593
0.507015586 -0.17754294
0.505556107 -0.189145803
0.505378425 -0.190788791
0.504598856 -0.196141899
0.504433036 -0.197567686
0.503713489 -0.202127591
0.503344119 -0.205016077
0.501760364 -0.214068174
0.501105547 -0.218501136
0.500277877 -0.223104373
0.49789539 -0.234770611
0.495034933 -0.246861696
0.493171901 -0.251664519
0.489088923 -0.260526806
0.486751437 -0.265085667
0.481838405 -0.273451537
0.479077786 -0.277717412
0.473432928 -0.285498917
0.470252097 -0.289400131
0.463900805 -0.296487808
0.461242318 -0.299132138
0.456023693 -0.30393067
0.453144282 -0.306319237
0.447560847 -0.310658008
0.44447577 -0.312783897
0.438556373 -0.316657931
0.435288548 -0.318520844
0.429070741 -0.321927071
0.425654918 -0.323536664
0.419190675 -0.326475441
0.415661156 -0.327842712
0.40900287 -0.330316544
0.401686341 -0.332383096
0.387943894 -0.336065501
0.382925451 -0.33700192
0.373551607 -0.33865869
0.368470013 -0.339294612
0.359002173 -0.340407997
0.353899866 -0.340785146
0.344402909 -0.341426581
0.334960073 -0.341663331
0.139585748 -0.341800004
0 -0.341800004
