0.509527445 0
0.509527206 -0.007524719
0.509497821 -0.064314827
0.509498894 -0.090274118
0.509500384 -0.125550568
0.509501874 -0.149481818
0.509501874 -0.158231348
0.509215355 -0.161968678
0.508702695 -0.168015108
0.507772863 -0.177433014
0.507118404 -0.184331208
0.506092548 -0.192486882
0.505740941 -0.195737094
0.505194008 -0.199492827
0.504868269 -0.202293798
0.504364252 -0.205487877
0.503642797 -0.211129442
0.502537012 -0.217449665
0.50127238 -0.226010785
0.499674022 -0.234900758
0.498474509 -0.240774274
0.497034371 -0.246861696
0.493022323 -0.257204711
0.491492838 -0.260524482
0.486466706 -0.270327151
0.484632134 -0.27345103
0.478704154 -0.282611191
0.476602763 -0.285508007
0.469781101 -0.293874651
0.467423141 -0.296505958
0.461728334 -0.302170515
0.459794372 -0.30394882
0.453630835 -0.309061676
0.451564789 -0.310667127
0.444965065 -0.315214962
0.442777425 -0.316646695
0.435790181 -0.320629984
0.433494478 -0.321887583
0.426193506 -0.325327933
0.423808962 -0.326411992
0.416267514 -0.329333395
0.413813859 -0.330245018
0.398186624 -0.33465898
0.39313361 -0.336012959
0.382424504 -0.338011235
0.378982931 -0.33861953
0.368145436 -0.339975744
0.364674836 -0.340383857
0.353799582 -0.341187775
0.350324392 -0.341422468
0.346869022 -0.341509104
0.13966231 -0.341800004
0 -0.341800004
