0.509524286 0
0.509524047 -0.009352226
0.509497344 -0.061019424
0.509498298 -0.084636986
0.509499669 -0.116731234
0.509501874 -0.153088361
0.509501874 -0.166052207
0.509501874 -0.166326389
0.509471655 -0.166712746
0.508746386 -0.175266609
0.508204401 -0.180756435
0.507221162 -0.191119462
0.506628931 -0.195827961
0.506103456 -0.200685397
0.505789161 -0.202843741
0.505303442 -0.207019925
0.505014956 -0.208848178
0.503941476 -0.217242807
0.503313661 -0.220831156
0.501439273 -0.233520433
0.499070138 -0.246697143
0.499053627 -0.246777952
0.499033809 -0.246861696
0.49885568 -0.247320935
0.493690819 -0.260488689
0.492755592 -0.26256907
0.487204522 -0.273394376
0.486065805 -0.275352269
0.479538053 -0.285438031
0.478197426 -0.287241906
0.470706075 -0.2964288
0.469569683 -0.297663033
0.463329107 -0.303869665
0.462085366 -0.304991841
0.455341786 -0.31058529
0.453995913 -0.311587989
0.446784496 -0.316556931
0.445346385 -0.317437768
0.437719554 -0.32178539
0.436205953 -0.322549433
0.428243726 -0.326301187
0.426671237 -0.326954722
0.418454051 -0.330137759
0.415177047 -0.33114168
0.398175538 -0.335943788
0.395916194 -0.336411864
0.384285331 -0.338582128
0.381986499 -0.338902175
0.37023294 -0.340373099
0.36791122 -0.340555429
0.356134742 -0.341425985
0.354398966 -0.341469049
0.139738873 -0.341800004
0 -0.341800004
