0.509521186 0
0.509520888 -0.011179733
0.509496808 -0.057724021
0.509497643 -0.078999855
0.509498894 -0.107911892
0.509501874 -0.156694919
0.509501874 -0.16902709
0.509501874 -0.173617005
0.508996427 -0.180084676
0.508790135 -0.182518095
0.508635938 -0.184079856
0.50732398 -0.197907731
0.507165313 -0.199169025
0.506465971 -0.2056337
0.506384313 -0.206194654
0.505738676 -0.211746037
0.50566572 -0.212208465
0.504240155 -0.223356172
0.504090309 -0.224212646
0.501606107 -0.241030082
0.501085341 -0.243926391
0.500470757 -0.246861696
0.498361498 -0.253314674
0.495581269 -0.260402858
0.492313951 -0.26767084
0.489450485 -0.273254991
0.48549366 -0.280058235
0.482131571 -0.285252869
0.477496654 -0.291489244
0.47364378 -0.296214163
0.469732523 -0.300462157
0.466525972 -0.303651243
0.462257743 -0.307502359
0.458795667 -0.310373962
0.454188108 -0.313806742
0.450488448 -0.316355944
0.445574671 -0.319365531
0.441664219 -0.321594685
0.43650049 -0.324201196
0.432420254 -0.326123774
0.427063346 -0.328350186
0.422854871 -0.329980403
0.411708683 -0.333395094
0.403012037 -0.335851461
0.395353824 -0.337438017
0.389409542 -0.3385472
0.381635368 -0.339629561
0.375633717 -0.340380639
0.36780113 -0.340995789
0.361793458 -0.341439903
0.355953127 -0.341584712
0.13981545 -0.341800004
0 -0.341800004
