0.509518027 0
0.50951767 -0.013007239
0.509496272 -0.054428618
0.509497046 -0.073362723
0.509498119 -0.099092551
0.509501874 -0.160301477
0.509501874 -0.172001973
0.509501874 -0.180907607
0.509103537 -0.186005011
0.508953989 -0.187682465
0.508811355 -0.189480603
0.507574558 -0.202488691
0.507496953 -0.203513235
0.506844878 -0.209522948
0.506770849 -0.210420117
0.506173134 -0.215544641
0.506004095 -0.217376143
0.504698455 -0.22756578
0.504591882 -0.228590697
0.50383389 -0.234634325
0.502335072 -0.244782567
0.501899719 -0.246861696
0.497651368 -0.259858966
0.49747172 -0.260317028
0.491872311 -0.27277264
0.491696417 -0.273115605
0.484921485 -0.28476423
0.484725088 -0.285067707
0.476795912 -0.295736611
0.476581484 -0.295999527
0.469895333 -0.30326128
0.469722867 -0.303432822
0.46243012 -0.310012877
0.462249547 -0.310162634
0.454380304 -0.316025496
0.4541924 -0.316154957
0.445802987 -0.321293294
0.445608854 -0.32140395
0.436795056 -0.32585296
0.436596811 -0.325946361
0.427455455 -0.32974568
0.42725572 -0.329823047
0.408240318 -0.335648507
0.407848567 -0.335759163
0.394791484 -0.3384642
0.394533783 -0.338512272
0.381284267 -0.340356916
0.381034493 -0.340388179
0.36769107 -0.341436148
0.367452145 -0.34145382
0.357507259 -0.341700405
0.139892012 -0.341800004
0 -0.341800004
