0.509514868 0
0.509514868 -0.000332528
0.509514511 -0.014834746
0.509495735 -0.051133215
0.509496391 -0.067725591
0.509497344 -0.090273201
0.509501874 -0.16390802
0.509501874 -0.174976856
0.509501874 -0.187248275
0.509501874 -0.188051477
0.509197235 -0.191469342
0.508817852 -0.196252406
0.50791043 -0.205795988
0.507710397 -0.208436251
0.507232726 -0.212839007
0.507044554 -0.2151189
0.506607234 -0.218868464
0.506182611 -0.223469034
0.505229712 -0.230905965
0.504967809 -0.233423859
0.503282487 -0.246861696
0.503058732 -0.247677237
0.498971164 -0.260130733
0.497061908 -0.264837652
0.49347952 -0.272805244
0.491132945 -0.277250409
0.486814827 -0.284673631
0.484038323 -0.288782746
0.479002297 -0.295557797
0.476633489 -0.298379779
0.472398371 -0.302978724
0.469792485 -0.305557013
0.46518302 -0.30971545
0.462351382 -0.312034696
0.457386702 -0.315733135
0.454349488 -0.317786902
0.449064881 -0.321023345
0.445855111 -0.322819412
0.440310836 -0.32561782
0.43696177 -0.327165663
0.431219369 -0.329552174
0.424193799 -0.33194533
0.412277609 -0.335595876
0.407410145 -0.336707413
0.399247169 -0.338398486
0.394288391 -0.339160383
0.386022359 -0.34031114
0.381024122 -0.340759367
0.372717768 -0.34141165
0.369349688 -0.341543913
0.139968574 -0.341800004
0 -0.341800004
