0.509511709 0
0.50951165 -0.004206774
0.509511352 -0.016662253
0.509495199 -0.047837816
0.509495795 -0.062088456
0.509496629 -0.08145386
0.509501874 -0.167514578
0.509501874 -0.177951753
0.509501874 -0.189522862
0.509501874 -0.194567233
0.509440482 -0.195256203
0.508824289 -0.203024194
0.508246303 -0.209103301
0.507923841 -0.213359267
0.507620513 -0.216155052
0.507318258 -0.219817683
0.507041276 -0.222192287
0.506361127 -0.22956191
0.505760908 -0.23424615
0.505343795 -0.238257036
0.504264593 -0.246861696
0.501875758 -0.255567491
0.500441611 -0.259937018
0.496481389 -0.26970014
0.495230198 -0.272482902
0.490372747 -0.281684518
0.488871247 -0.284265727
0.483134598 -0.292755783
0.481390774 -0.295101821
0.476504803 -0.300922483
0.475042462 -0.30251047
0.469673634 -0.307822436
0.468086213 -0.309254527
0.462258041 -0.314028054
0.460552186 -0.315298826
0.454306036 -0.3195225
0.452493936 -0.320632279
0.44589752 -0.324323416
0.443999976 -0.325281173
0.4371216 -0.328460127
0.435160071 -0.32927531
0.420740515 -0.33418715
0.416686505 -0.335429102
0.406710595 -0.337707192
0.403941035 -0.338280946
0.393788099 -0.339840919
0.390991479 -0.340230256
0.38076809 -0.341147065
0.377966404 -0.341367066
0.37108475 -0.341637313
0.140045151 -0.341800004
0 -0.341800004
