0.50950855 0
0.509508431 -0.008081021
0.509508133 -0.018489759
0.509494662 -0.044542413
0.509495139 -0.056451324
0.509495854 -0.072634518
0.509501874 -0.17112112
0.509501874 -0.180926636
0.509501874 -0.191797465
0.509501874 -0.197631672
0.509501874 -0.20062083
0.509170353 -0.205514848
0.508830726 -0.209795982
0.508582115 -0.212410599
0.508137286 -0.218282282
0.508008301 -0.219471097
0.507591963 -0.224516451
0.507475376 -0.225516126
0.506539643 -0.235654786
0.506292105 -0.237586319
0.505719721 -0.243090197
0.505246699 -0.246861696
0.503006637 -0.255025327
0.501722753 -0.259735823
0.500896335 -0.261980802
0.49677673 -0.272135049
0.495738685 -0.274278224
0.490704685 -0.283812791
0.489458948 -0.28581807
0.483534783 -0.294584423
0.482459277 -0.29597947
0.47742793 -0.301972389
0.476235062 -0.303261906
0.470718771 -0.308719009
0.469413579 -0.309893996
0.463437229 -0.314788312
0.462028444 -0.315843105
0.455634564 -0.3201662
0.454135895 -0.321100771
0.447393984 -0.324872941
0.445819378 -0.325688034
0.438799918 -0.328931898
0.435466617 -0.330211014
0.420786619 -0.335211426
0.418453753 -0.335815459
0.408324093 -0.338128477
0.4059349 -0.338550031
0.395647734 -0.340130538
0.393232137 -0.340388685
0.382897139 -0.341315478
0.38066873 -0.341427982
0.378036469 -0.341525853
0.372819781 -0.341730714
0.140121713 -0.341800004
0 -0.341800004
