0.509505391 0
0.509505212 -0.011955268
0.509504974 -0.020317266
0.509494126 -0.04124701
0.509494543 -0.050814193
0.50949508 -0.063815176
0.509501874 -0.174727678
0.509501874 -0.183901519
0.509501874 -0.194072053
0.509501874 -0.199530438
0.509501874 -0.205192253
0.509501874 -0.206308365
0.509472609 -0.206736445
0.508867264 -0.215709373
0.508831918 -0.216306478
0.508339286 -0.222777605
0.508303463 -0.223319471
0.507846653 -0.228829384
0.507781863 -0.22969155
0.506768346 -0.240627974
0.506141007 -0.246861696
0.505628169 -0.249080747
0.502781212 -0.259525865
0.500156224 -0.266656697
0.49808681 -0.271757603
0.494808078 -0.278526843
0.492283553 -0.283308417
0.488369733 -0.289608538
0.485403538 -0.293997824
0.48204121 -0.298359126
0.479524851 -0.301356405
0.475807965 -0.305374444
0.473051906 -0.308100939
0.46899727 -0.311751068
0.466014206 -0.314194024
0.46164909 -0.317462295
0.458460331 -0.319618315
0.453827411 -0.322507352
0.450467795 -0.324387103
0.445610404 -0.326901525
0.442115337 -0.328516662
0.431855083 -0.332453996
0.424557954 -0.334939569
0.417408764 -0.336790651
0.412379086 -0.337939143
0.405078828 -0.339227229
0.399976671 -0.34001112
0.392617851 -0.340797544
0.387498349 -0.341256648
0.380731732 -0.341598243
0.140198275 -0.341800004
0 -0.341800004
