0.509502232 0
0.509501934 -0.015829515
0.509501815 -0.022144772
0.509493589 -0.037951607
0.509493887 -0.045177061
0.509494305 -0.054995835
0.509501874 -0.178334236
0.509501874 -0.186876416
0.509501874 -0.196346655
0.509501874 -0.201429203
0.509501874 -0.206701159
0.509501874 -0.211511001
0.509375751 -0.213355824
0.508996189 -0.218981862
0.508816719 -0.222013101
0.508508921 -0.226056963
0.508335233 -0.228681281
0.508050621 -0.232114494
0.507748365 -0.236135378
0.507115245 -0.242967442
0.506723344 -0.246861696
0.503875911 -0.259182781
0.503839672 -0.259315908
0.499416173 -0.271332592
0.499396861 -0.271380156
0.4938775 -0.282775432
0.493862391 -0.282804042
0.487280548 -0.293398976
0.487272292 -0.293411225
0.481623143 -0.300738811
0.481621772 -0.300740421
0.479972094 -0.302523762
0.475384027 -0.30748269
0.475380212 -0.307486445
0.468588859 -0.313599378
0.468579531 -0.313607097
0.461282521 -0.319069862
0.46126768 -0.319080204
0.453536719 -0.32390064
0.453516215 -0.323912591
0.445424497 -0.32810083
0.445370346 -0.328124374
0.42832002 -0.334667236
0.428267151 -0.334682941
0.416422635 -0.337749541
0.416358501 -0.337762713
0.404291868 -0.339891762
0.404216826 -0.339901328
0.392083138 -0.341198087
0.392012596 -0.341202468
0.391955554 -0.341205597
0.391001076 -0.341253251
0.380794734 -0.341768503
0.140274853 -0.341800004
0 -0.341800004
