0.509499073 0
0.509498715 -0.019703763
0.509498596 -0.023972278
0.509493113 -0.034656208
0.509493291 -0.039539929
0.509493589 -0.046176493
0.509501874 -0.181940779
0.509501874 -0.189851299
0.509501874 -0.198621258
0.509501874 -0.203327954
0.509501874 -0.208210081
0.509501874 -0.213220373
0.509501874 -0.216055423
0.50934118 -0.219064146
0.509278893 -0.219975188
0.509125173 -0.222254366
0.508801579 -0.227719724
0.508678555 -0.229336321
0.508367062 -0.234043092
0.508254588 -0.235399619
0.507714927 -0.242579192
0.507462144 -0.245306909
0.507305682 -0.246861696
0.506147861 -0.251871824
0.504482687 -0.259072542
0.502903581 -0.263694346
0.500236809 -0.270937115
0.498235106 -0.275368452
0.49491936 -0.282212615
0.492506921 -0.286381125
0.48856625 -0.292723268
0.486477435 -0.295639336
0.483104318 -0.300013781
0.480784684 -0.302729517
0.477066487 -0.306748241
0.474528968 -0.309249073
0.470483571 -0.312890351
0.467744231 -0.315164
0.46339941 -0.318416655
0.460479349 -0.320454329
0.45587799 -0.323323399
0.452798486 -0.325117439
0.447984308 -0.327609241
0.441427052 -0.330461532
0.431290686 -0.334351242
0.426687092 -0.335718602
0.419649124 -0.337540776
0.414929271 -0.338511109
0.407763094 -0.339775503
0.402992308 -0.340384632
0.395790488 -0.341154307
0.391888171 -0.34139657
0.388732702 -0.341570109
0.140351415 -0.341800004
0 -0.341800004
