0.509495914 0
0.509495497 -0.023578009
0.509495437 -0.025799785
0.509492576 -0.031360805
0.509492636 -0.033902798
0.509492815 -0.037357152
0.509501874 -0.185547337
0.509501874 -0.192826182
0.509501874 -0.200895846
0.509501874 -0.205226719
0.509501874 -0.209719002
0.509501874 -0.214329213
0.509501874 -0.21899201
0.509501874 -0.219140172
0.509501874 -0.219317064
0.509501874 -0.219557002
0.509501874 -0.220146462
0.509420872 -0.221778169
0.509222746 -0.225521594
0.509111226 -0.227478579
0.508806586 -0.232608676
0.508693457 -0.234359279
0.508406758 -0.238676012
0.507912278 -0.245270297
0.507777929 -0.246764675
0.507731855 -0.246861696
0.507529736 -0.248003751
0.507394195 -0.24873963
0.506769121 -0.251698583
0.505120218 -0.258828759
0.501941442 -0.268132806
0.501072288 -0.270493418
0.497049838 -0.279398233
0.49597317 -0.281620651
0.49113366 -0.289982945
0.489858598 -0.292035013
0.485675097 -0.297875345
0.484586507 -0.299287081
0.479946017 -0.304720014
0.478748947 -0.306013823
0.473677725 -0.311011702
0.472378284 -0.312181324
0.466908932 -0.316720873
0.465516299 -0.317763418
0.459691048 -0.321828485
0.45821926 -0.322746158
0.452080786 -0.326322287
0.450544119 -0.327117682
0.437483758 -0.332798719
0.434261382 -0.334035277
0.425107032 -0.336754292
0.422875613 -0.33733201
0.413500011 -0.339259505
0.411234289 -0.339659244
0.40176782 -0.340867966
0.399497837 -0.341110557
0.391763717 -0.341590643
0 -0.341800004
