0.509492755 0
0.509492278 -0.027452255
0.509492278 -0.027627293
0.50949204 -0.028065402
0.50949204 -0.028265666
0.50949204 -0.028537808
0.509501874 -0.18915388
0.509501874 -0.195801079
0.509501874 -0.203170449
0.509501874 -0.207125485
0.509501874 -0.211227924
0.509501874 -0.215438053
0.509501874 -0.219696209
0.509501874 -0.220213845
0.509501874 -0.220831811
0.509501874 -0.221670046
0.509501874 -0.223729357
0.509434044 -0.225095734
0.509244561 -0.228776082
0.509200811 -0.229502007
0.508837223 -0.235864639
0.508789718 -0.236547664
0.508440554 -0.241932482
0.508032084 -0.246475413
0.507848561 -0.246861726
0.507043779 -0.251408726
0.506504297 -0.254338533
0.505609095 -0.258576036
0.504044533 -0.263290256
0.501736522 -0.270044655
0.499739408 -0.274594247
0.496832967 -0.281027704
0.494411767 -0.285333395
0.490931362 -0.291346639
0.488824874 -0.294375002
0.485828042 -0.298558235
0.483482361 -0.301395178
0.480168819 -0.305274159
0.477598906 -0.307906568
0.473988652 -0.31146431
0.471210867 -0.313878834
0.467328161 -0.31710127
0.464360744 -0.319283962
0.46023643 -0.322161824
0.457097679 -0.324099183
0.452762991 -0.326624364
0.44604215 -0.329728723
0.436855137 -0.333725005
0.432104409 -0.335214645
0.425691634 -0.337119311
0.420805722 -0.338181853
0.41425994 -0.339527518
0.409316868 -0.340210468
0.402731597 -0.341051251
0.39969489 -0.341275573
0.392847031 -0.341709763
0.391639262 -0.341784745
0 -0.341800004
