0.509492755 0
0.509492338 -0.029454799
0.509492457 -0.036649168
0.509492517 -0.038101211
0.509492576 -0.039885338
0.509492695 -0.042168301
0.509492874 -0.045246784
0.509501874 -0.192760438
0.509501874 -0.198775962
0.509501874 -0.205445036
0.509501874 -0.209024236
0.509501874 -0.21273683
0.509501874 -0.216546893
0.509501874 -0.220400408
0.509501874 -0.221287504
0.509501874 -0.222346559
0.509501874 -0.223783091
0.509501874 -0.225460365
0.509501874 -0.225960687
0.509501874 -0.226436079
0.509280801 -0.23076582
0.50921613 -0.232022047
0.508877397 -0.237639919
0.508793533 -0.239108026
0.508455217 -0.243971333
0.508377373 -0.24517265
0.508286238 -0.246186152
0.507965207 -0.246861741
0.506557882 -0.254813701
0.505912423 -0.25831911
0.505108416 -0.260814428
0.502190769 -0.2696051
0.501154065 -0.272027433
0.497455209 -0.280453533
0.496187478 -0.282758027
0.491733104 -0.290679097
0.490623534 -0.292309135
0.486770868 -0.297847718
0.485531479 -0.299383163
0.481260717 -0.304548174
0.479900181 -0.305983096
0.475241244 -0.310755223
0.473768473 -0.312082618
0.468752921 -0.316442192
0.467177033 -0.317653596
0.461839527 -0.321579516
0.460169286 -0.322666228
0.454544693 -0.326137871
0.450949013 -0.327891409
0.438963443 -0.333427787
0.436395049 -0.33426109
0.427975506 -0.336901069
0.425324827 -0.337494463
0.416705161 -0.33936891
0.414026618 -0.339764446
0.405349135 -0.340963274
0.403822571 -0.341104895
0.401366234 -0.341288567
0.396898448 -0.341618627
0 -0.341800004
