0.509493172 0
0.509492695 -0.031282306
0.509492993 -0.046343841
0.509493113 -0.049383722
0.509493291 -0.053118821
0.50949347 -0.057898238
0.509493768 -0.064343102
0.509501874 -0.196366981
0.509501874 -0.201750845
0.509501874 -0.207719639
0.509501874 -0.210923001
0.509501874 -0.214245752
0.509501874 -0.217655733
0.509501874 -0.221104607
0.509501874 -0.222361162
0.509501874 -0.223861307
0.509501874 -0.22589612
0.509501874 -0.227084935
0.509501874 -0.228114337
0.509501874 -0.228602573
0.509364963 -0.23080869
0.5091241 -0.235257357
0.508831263 -0.240098193
0.508545756 -0.244189411
0.508360744 -0.246274978
0.508081913 -0.246861756
0.506127954 -0.257902205
0.506094038 -0.258076727
0.505983353 -0.258430392
0.502511263 -0.269206524
0.50236243 -0.269560248
0.497922242 -0.279934645
0.497733414 -0.280281752
0.492348909 -0.290069759
0.492178857 -0.29032284
0.48750177 -0.297193646
0.487308323 -0.297437221
0.482112855 -0.303873658
0.481896937 -0.304105937
0.476223826 -0.310089141
0.475986362 -0.310308427
0.46987614 -0.315815508
0.469618231 -0.316019893
0.463111371 -0.321021646
0.46283406 -0.321209043
0.455969781 -0.32567507
0.455363125 -0.325984478
0.440664709 -0.333152741
0.44021818 -0.333303839
0.42980507 -0.33668229
0.429337114 -0.336791337
0.418647081 -0.339184523
0.418167591 -0.339258373
0.407427222 -0.340844452
0.40684849 -0.340896428
0.400817811 -0.341455847
0 -0.341800004
