0.50949353 0
0.50949353 -0.001585153
0.509493053 -0.033109814
0.50949353 -0.056038514
0.509493709 -0.06066623
0.509493947 -0.0663523
0.509494305 -0.07362818
0.509494722 -0.083439417
0.509501874 -0.199973539
0.509501874 -0.204725742
0.509501874 -0.209994242
0.509501874 -0.212821767
0.509501874 -0.215754673
0.509501874 -0.218764573
0.509501874 -0.221808806
0.509501874 -0.223434821
0.509501874 -0.225376055
0.509501874 -0.228009164
0.509501874 -0.228709504
0.509501874 -0.230224416
0.509473205 -0.230716318
0.509084105 -0.236985072
0.509002745 -0.23848775
0.508903861 -0.240122899
0.508807421 -0.241504848
0.508362889 -0.246516094
0.508198619 -0.246861771
0.507047534 -0.253365785
0.506162643 -0.257919848
0.503275216 -0.267148286
0.502705455 -0.268916517
0.498954743 -0.27783072
0.498228699 -0.279527158
0.493632615 -0.287976533
0.492755026 -0.289571851
0.488747209 -0.295536578
0.487986565 -0.296654016
0.483525068 -0.302271098
0.48268196 -0.30331558
0.477801144 -0.308566302
0.476882458 -0.309535235
0.471616775 -0.314398199
0.470629245 -0.315288246
0.465012789 -0.319738448
0.463963479 -0.320545048
0.45802933 -0.324555486
0.456924856 -0.32527408
0.444168746 -0.331779778
0.441813141 -0.332928568
0.432718366 -0.336006463
0.431052148 -0.336547047
0.421682209 -0.338730067
0.419974744 -0.339112341
0.410538763 -0.340565562
0.408828616 -0.340818107
0.398911715 -0.341708511
0.398014218 -0.341794133
0 -0.341800004
