0.509493887 0
0.509493887 -0.0054594
0.50949347 -0.034937318
0.509494066 -0.065733187
0.509494305 -0.071948737
0.509494662 -0.079585783
0.50949508 -0.089358121
0.509495676 -0.102535732
0.509501874 -0.203580096
0.509501874 -0.207700625
0.509501874 -0.212268829
0.509501874 -0.214720517
0.509501874 -0.217263594
0.509501874 -0.219873413
0.509501874 -0.222513005
0.509501874 -0.224508494
0.509501874 -0.226890802
0.509501874 -0.230122209
0.509501874 -0.230334073
0.509501874 -0.230792359
0.509238422 -0.235310405
0.508635938 -0.243703246
0.508364975 -0.246757224
0.508315325 -0.246861786
0.507967055 -0.248829395
0.507597923 -0.250729352
0.506399155 -0.25703007
0.504644275 -0.263199002
0.503440619 -0.267046154
0.501142025 -0.273036093
0.49958095 -0.276746303
0.496757001 -0.282509834
0.494847089 -0.286021084
0.491519809 -0.291511863
0.489856213 -0.293987751
0.486051887 -0.299161285
0.48420164 -0.301490784
0.479950875 -0.306306064
0.47792846 -0.308481723
0.473264158 -0.312899679
0.471084118 -0.314913005
0.468761861 -0.316753
0.463720858 -0.320740014
0.461269408 -0.322396755
0.455891699 -0.325918883
0.450221717 -0.328948438
0.444958001 -0.331633031
0.439038277 -0.334145933
0.435290039 -0.335414439
0.429168969 -0.337390363
0.425310433 -0.33828938
0.419036716 -0.33971265
0.415155768 -0.340310454
0.408778101 -0.341169
0.405403942 -0.341490924
0 -0.341800004
