0.509494185 0
0.509494245 -0.009333647
0.509493828 -0.036764827
0.509494603 -0.07542786
0.509494901 -0.083231248
0.509495318 -0.092819266
0.509495854 -0.105088063
0.509496629 -0.121632047
0.509501874 -0.207186639
0.509501874 -0.210675508
0.509501874 -0.214543432
0.509501874 -0.216619283
0.509501874 -0.218772501
0.509501874 -0.220982254
0.509501874 -0.223217204
0.509501874 -0.225582153
0.509501874 -0.22840555
0.509501874 -0.230922759
0.509407759 -0.233865485
0.508826733 -0.241958648
0.508551896 -0.244914383
0.508107305 -0.247907579
0.507163465 -0.252868444
0.506560743 -0.255868167
0.505376697 -0.260323137
0.503994644 -0.265181661
0.502468824 -0.26953581
0.500658393 -0.274253637
0.498779267 -0.278458774
0.496554762 -0.28299883
0.494321674 -0.287013382
0.491700262 -0.291339338
0.489129186 -0.295131147
0.486131161 -0.299208194
0.483239979 -0.302746713
0.479889333 -0.306542337
0.476700604 -0.309803665
0.473023325 -0.313286692
0.469562769 -0.316251159
0.465588748 -0.319394261
0.460597992 -0.322853237
0.456357539 -0.325630546
0.450999051 -0.328494221
0.446526289 -0.330884069
0.441858351 -0.332865596
0.436203241 -0.335113645
0.431375384 -0.336672097
0.428464353 -0.337571144
0.425513923 -0.338325411
0.420564085 -0.339448363
0.41758734 -0.340058982
0.414612055 -0.340513676
0.409577787 -0.341191381
0.406630546 -0.341475308
0.401551962 -0.341702044
0 -0.341800004
