0.509494543 0
0.509494543 -0.001192096
0.509494603 -0.013207894
0.509494185 -0.038592335
0.509495139 -0.085122533
0.509495497 -0.094513759
0.509496033 -0.106052749
0.509496689 -0.120818004
0.509497583 -0.140728369
0.509501874 -0.210793197
0.509501874 -0.213650405
0.509501874 -0.21681802
0.509501874 -0.218518049
0.509501874 -0.220281422
0.509501874 -0.222091094
0.509501874 -0.223921403
0.509501874 -0.226655811
0.509501874 -0.229920298
0.509501874 -0.230718002
0.509399235 -0.233926222
0.509312749 -0.236659795
0.50894773 -0.240585506
0.508758366 -0.242709234
0.508168638 -0.246679991
0.507858336 -0.248843014
0.507058859 -0.252821922
0.506632149 -0.254995078
0.505060732 -0.26090768
0.504209757 -0.264134198
0.502182662 -0.26991865
0.501078367 -0.273070663
0.498578757 -0.278664231
0.497219145 -0.281709433
0.494244546 -0.287057072
0.492632449 -0.289964855
0.489202708 -0.295023113
0.48734808 -0.297764808
0.483485788 -0.302491933
0.481399596 -0.305040449
0.477134258 -0.309402913
0.474833935 -0.311741591
0.470199525 -0.315711677
0.4677068 -0.317830354
0.461013854 -0.322469056
0.457427919 -0.324934185
0.450230598 -0.328780591
0.446388185 -0.330813169
0.438783586 -0.333836108
0.434736192 -0.335422665
0.430817336 -0.336632967
0.428739011 -0.337266177
0.424762756 -0.338282645
0.422660798 -0.338814944
0.418645918 -0.339638501
0.416532069 -0.34007144
0.412512094 -0.340685725
0.41040656 -0.341009766
0.406417727 -0.341394007
0.404343367 -0.341597021
0.401660562 -0.341690123
0 -0.341800004
