0.50949496 0
0.509494841 -0.003019603
0.50949496 -0.01708214
0.509494603 -0.040419839
0.509495676 -0.094817206
0.509496093 -0.10579627
0.509496689 -0.119286232
0.509497464 -0.136547938
0.509498537 -0.159824684
0.509501874 -0.21439974
0.509501874 -0.216625288
0.509501874 -0.219092622
0.509501874 -0.220416799
0.509501874 -0.221790344
0.509501874 -0.223199934
0.509501874 -0.224625602
0.509501874 -0.22772947
0.509501874 -0.230282441
0.509443402 -0.23251237
0.50932461 -0.236220866
0.508900881 -0.240973979
0.508797586 -0.242281437
0.508103907 -0.247117028
0.507928014 -0.248447403
0.506974161 -0.253305376
0.506722927 -0.254638702
0.504818976 -0.261858046
0.504298151 -0.263829291
0.501822829 -0.270894349
0.501136005 -0.272814244
0.498081267 -0.279656142
0.497237951 -0.281510442
0.493605733 -0.288062125
0.49261421 -0.289833754
0.4884229 -0.296029955
0.487288684 -0.297697634
0.482559651 -0.303474784
0.481288254 -0.305018663
0.476059079 -0.310335249
0.474662006 -0.311745852
0.468980193 -0.31657517
0.467473239 -0.31784901
0.459273696 -0.323485881
0.457119524 -0.324964225
0.448303044 -0.32962811
0.446008086 -0.33084324
0.436689377 -0.33449617
0.434283644 -0.335439622
0.429486036 -0.336901337
0.428255141 -0.337275147
0.423393279 -0.338506341
0.422152698 -0.338817656
0.417252153 -0.339821279
0.416009337 -0.340071052
0.411113381 -0.340824455
0.409878522 -0.341008723
0.405034721 -0.341482729
0.403819233 -0.341596484
0.400000006 -0.341729671
0 -0.341800004
