0.509495378 0
0.509495199 -0.00484711
0.509495258 -0.020956388
0.50949496 -0.042247348
0.509496212 -0.104511879
0.509496748 -0.117078774
0.509497404 -0.132519707
0.509498239 -0.152277887
0.50949949 -0.178920999
0.509501874 -0.218006298
0.509501874 -0.219600171
0.509501874 -0.221367225
0.509501874 -0.222315565
0.509501874 -0.22329925
0.509501874 -0.224308774
0.509501874 -0.225329801
0.509501874 -0.228803143
0.509501874 -0.22964716
0.509367585 -0.234767884
0.509345651 -0.235662088
0.508898854 -0.241316631
0.508866429 -0.241788179
0.508106768 -0.247533992
0.508048773 -0.248013228
0.506963551 -0.253772795
0.506877124 -0.254251361
0.504623652 -0.262781173
0.504437625 -0.263484359
0.501456678 -0.271816462
0.501208186 -0.272496641
0.497532755 -0.280578256
0.497230202 -0.281230539
0.492885798 -0.288993269
0.492535919 -0.289610982
0.487536401 -0.296962053
0.487142712 -0.297536284
0.48150453 -0.30438289
0.481069624 -0.304906845
0.474838287 -0.311198652
0.47436747 -0.311670125
0.467606992 -0.317385018
0.467107415 -0.317804366
0.457371891 -0.324485958
0.456674397 -0.324962765
0.446219295 -0.330498785
0.445494443 -0.3308824
0.434445828 -0.335215479
0.433704972 -0.335506588
0.428022057 -0.33723259
0.427648455 -0.337345958
0.421894163 -0.338789999
0.421523541 -0.338882267
0.415727705 -0.340047032
0.415362716 -0.340118825
0.409565598 -0.340983927
0.40920949 -0.341035098
0.403453916 -0.341573834
0.403110176 -0.341604292
0.402446061 -0.341625422
0 -0.341800004
