0.509495795 0
0.509495556 -0.006674617
0.509495616 -0.024830634
0.509495318 -0.044074852
0.509496748 -0.114206553
0.509497344 -0.128361285
0.50949806 -0.14575319
0.509499073 -0.168007821
0.509500444 -0.198017314
0.509501874 -0.221612856
0.509501874 -0.222575068
0.509501874 -0.223641813
0.509501874 -0.22421433
0.509501874 -0.224808171
0.509501874 -0.225417614
0.509501874 -0.226034001
0.509501874 -0.228778079
0.509466588 -0.230576903
0.509384811 -0.234150365
0.509366512 -0.234897047
0.509336233 -0.235279873
0.508934677 -0.241111562
0.508883655 -0.241497785
0.508167922 -0.247413456
0.508095086 -0.247800097
0.507027626 -0.253713846
0.506876111 -0.254287392
0.504567862 -0.263011575
0.504366398 -0.26357457
0.50126195 -0.272071779
0.501011372 -0.272622824
0.497190833 -0.280859947
0.496890217 -0.281397104
0.492408574 -0.2893098
0.492055595 -0.289828777
0.486928672 -0.297306687
0.486521393 -0.297801256
0.480764091 -0.304737121
0.480303645 -0.305202037
0.473967195 -0.31154725
0.473456681 -0.311978817
0.466615289 -0.317721456
0.465863436 -0.318237454
0.456072122 -0.324930876
0.455239475 -0.325371742
0.444793791 -0.330900133
0.44388625 -0.331256032
0.432915002 -0.335566998
0.432433665 -0.335713208
0.426818609 -0.337417036
0.426323563 -0.337541252
0.420658261 -0.338951468
0.420151085 -0.339053392
0.414464921 -0.340171903
0.413948357 -0.340248972
0.408270746 -0.34106493
0.407747597 -0.341113895
0.402108401 -0.341613382
0.401051074 -0.341647029
0 -0.341800004
