0.509496152 0
0.509495854 -0.008502123
0.509495974 -0.028704882
0.509495735 -0.04590236
0.509497285 -0.123901226
0.509497941 -0.139643788
0.509498775 -0.158986673
0.509499848 -0.18373777
0.509501398 -0.217113629
0.509501874 -0.225219399
0.509501874 -0.225549951
0.509501874 -0.225916415
0.509501874 -0.226113081
0.509501874 -0.226317093
0.509501874 -0.226526454
0.509501874 -0.2267382
0.509501874 -0.227680877
0.509396911 -0.233033866
0.509378135 -0.233852133
0.509292424 -0.235097274
0.508972466 -0.24014473
0.508820057 -0.241404787
0.508232832 -0.246530905
0.5080055 -0.247790396
0.507107377 -0.252915412
0.506615222 -0.254775643
0.504628062 -0.262329757
0.503964305 -0.264146686
0.501263618 -0.271498144
0.500442863 -0.273267776
0.497113556 -0.280391961
0.496143579 -0.282104552
0.49224335 -0.288945466
0.491122663 -0.290580064
0.486666471 -0.297036409
0.485393852 -0.29856956
0.480395108 -0.304543287
0.478978634 -0.305961728
0.473483205 -0.311410934
0.471936852 -0.312708944
0.466011256 -0.317626297
0.463770926 -0.319157839
0.455306292 -0.324871719
0.452877373 -0.326157302
0.443873048 -0.330869943
0.441278815 -0.331889391
0.431854486 -0.335568458
0.430505931 -0.335977733
0.425694525 -0.337430626
0.424321502 -0.337772459
0.41947481 -0.338970989
0.418083161 -0.339244783
0.413225532 -0.340189487
0.411821127 -0.340391338
0.406975001 -0.341075629
0.405563593 -0.34120065
0.400751144 -0.34161675
0.396895677 -0.34172833
0.14127022 -0.341800004
0.024535105 -0.341800004
0 -0.341800004
