0.50949657 0
0.509496212 -0.01032963
0.509496331 -0.032579128
0.509496093 -0.047729868
0.509497821 -0.133595899
0.509498537 -0.150926307
0.509499431 -0.172220156
0.509500623 -0.199467704
0.509501874 -0.226348132
0.509435773 -0.229798928
0.509381235 -0.232548118
0.50924623 -0.234677985
0.508981705 -0.238910317
0.508734286 -0.241070077
0.508246601 -0.24538663
0.507868171 -0.247546226
0.507119298 -0.251873344
0.506280959 -0.255060464
0.504618108 -0.261448532
0.503475606 -0.264558613
0.501208067 -0.270777285
0.499793559 -0.273804247
0.496989667 -0.279822201
0.4953219 -0.282747567
0.492030412 -0.288510978
0.490109116 -0.291294754
0.486346692 -0.296717376
0.484171897 -0.299316406
0.479954123 -0.304316729
0.477541476 -0.306709141
0.472908288 -0.311252564
0.470283091 -0.313431144
0.465290993 -0.317512274
0.461501986 -0.320070028
0.454379052 -0.324784964
0.45029515 -0.326922476
0.442740619 -0.330797315
0.43840757 -0.332489014
0.430535197 -0.335518599
0.428296208 -0.336194813
0.424288869 -0.337394059
0.422016263 -0.337956131
0.4179869 -0.338946939
0.415690422 -0.339393646
0.411659628 -0.340175658
0.409347892 -0.340502143
0.405337423 -0.3410694
0.4030191 -0.34126991
0.399050862 -0.34161517
0.395974249 -0.341706842
0.141346797 -0.341800004
0.027920637 -0.341800004
0 -0.341800004
