0.509496987 0
0.50949657 -0.012157137
0.509496689 -0.036453374
0.50949645 -0.049557373
0.509498358 -0.143290579
0.509499133 -0.16220881
0.509500086 -0.185453638
0.509501457 -0.215197638
0.509501874 -0.224756807
0.509444594 -0.227745503
0.509375095 -0.230902538
0.509080708 -0.235611826
0.508959711 -0.237334803
0.508417428 -0.242134735
0.508203208 -0.243911013
0.507370353 -0.24872376
0.507052779 -0.250519186
0.505201638 -0.257630885
0.504517674 -0.260300279
0.501988828 -0.267236084
0.501064241 -0.269842923
0.4979285 -0.276573867
0.49677828 -0.279087633
0.493082553 -0.285559654
0.491720736 -0.2879484
0.487475544 -0.294067502
0.485913336 -0.296297997
0.481129438 -0.301970065
0.479378045 -0.304011941
0.474095374 -0.309192747
0.472172737 -0.311033189
0.466450602 -0.315711528
0.46437946 -0.31734851
0.4561629 -0.322787762
0.453211606 -0.324653775
0.444429874 -0.329158455
0.441313893 -0.330679238
0.432088882 -0.334229857
0.428866774 -0.335422814
0.424140245 -0.33683759
0.422506779 -0.337314367
0.417732447 -0.338488668
0.416095346 -0.338886291
0.411295325 -0.339817822
0.409663588 -0.340135902
0.40486145 -0.340815365
0.403247923 -0.341049284
0.39846766 -0.341465384
0.396886289 -0.341609538
0.393967569 -0.341703653
0.14142336 -0.341800004
0.03130617 -0.341800004
0 -0.341800004
