0.509497404 0
0.509496868 -0.013984644
0.509497046 -0.04032762
0.509496868 -0.051384881
0.509498894 -0.152985245
0.509499729 -0.173491329
0.509500802 -0.198687121
0.509501874 -0.222929493
0.509445786 -0.22539556
0.509364545 -0.229083389
0.509242475 -0.231036469
0.508922875 -0.23558785
0.508698165 -0.23757714
0.508132219 -0.242269188
0.507787049 -0.244263768
0.506947875 -0.24900791
0.506180406 -0.251956552
0.504371524 -0.25901562
0.503321826 -0.261894703
0.500873685 -0.268796921
0.499569774 -0.271595806
0.496518463 -0.278264284
0.49497816 -0.280961692
0.491356343 -0.287314653
0.489582121 -0.28987208
0.485415459 -0.29582116
0.48341009 -0.298198849
0.478725016 -0.30366087
0.476504028 -0.305839032
0.471345812 -0.310776681
0.468933165 -0.312749237
0.463359654 -0.317154408
0.459885538 -0.319454193
0.451909512 -0.324497223
0.448182255 -0.326409161
0.439722896 -0.330537796
0.435792029 -0.332050771
0.42700246 -0.335305005
0.424980074 -0.33591035
0.420512587 -0.337214381
0.418465167 -0.33771795
0.41397506 -0.338808507
0.411911666 -0.339208961
0.407422274 -0.340084046
0.405352592 -0.340376914
0.400898129 -0.34102267
0.398831904 -0.341202527
0.394449592 -0.341601968
0.390459388 -0.341730654
0.141499922 -0.341800004
0.034691706 -0.341800004
0 -0.341800004
