0.509497643 0
0.509497643 -0.00366893
0.509497225 -0.015812149
0.509497344 -0.04420187
0.509497225 -0.053212389
0.509499431 -0.162679926
0.509500325 -0.184773833
0.509501457 -0.211920604
0.509501874 -0.220811531
0.509405553 -0.225046486
0.509351194 -0.227097109
0.508948982 -0.232825145
0.508875966 -0.233682662
0.508163989 -0.239585578
0.508041501 -0.240475655
0.506985486 -0.246446073
0.506813228 -0.247351229
0.504534721 -0.25624457
0.504182994 -0.257597804
0.501093388 -0.266310275
0.5006302 -0.267632604
0.49676922 -0.276072711
0.49619624 -0.277338177
0.491597831 -0.28540644
0.490920037 -0.286593199
0.485609382 -0.294177741
0.484835535 -0.295270294
0.478840202 -0.30226168
0.477978915 -0.30324766
0.471352071 -0.309592664
0.470414221 -0.310468704
0.463225961 -0.316151381
0.462224126 -0.316919357
0.451889068 -0.323455155
0.450478554 -0.324314773
0.439457774 -0.32969448
0.437989265 -0.33038336
0.426473081 -0.334647954
0.42497912 -0.33518213
0.419100583 -0.336898506
0.418350726 -0.337111652
0.412423074 -0.338551849
0.411679 -0.338729471
0.405731052 -0.339889348
0.404997468 -0.340031773
0.399072707 -0.340891093
0.398356736 -0.340995967
0.392502606 -0.341529906
0.391811758 -0.341594428
0.390154213 -0.341650575
0.141576499 -0.341800004
0.038077239 -0.341800004
0 -0.341800004
