0.509497881 0
0.509497881 -0.008227606
0.509497583 -0.017639657
0.509497702 -0.048076116
0.509497583 -0.055039894
0.509499967 -0.172374591
0.509500921 -0.196056336
0.509501874 -0.218458146
0.509446025 -0.220362574
0.509330869 -0.22470443
0.509127438 -0.227602243
0.508804619 -0.231394246
0.508444607 -0.234378994
0.507903039 -0.238314703
0.507369101 -0.241333485
0.50660634 -0.24534151
0.505453885 -0.249839678
0.503890574 -0.255854398
0.502326369 -0.260265261
0.500256002 -0.266175926
0.498298526 -0.270455003
0.495717764 -0.276154757
0.493382186 -0.280252725
0.490300566 -0.285648346
0.487597644 -0.289508611
0.484042913 -0.294527471
0.480984867 -0.298093587
0.476986855 -0.30267024
0.473599583 -0.305913478
0.469201028 -0.310022205
0.465519428 -0.31293267
0.460771531 -0.316572279
0.455467939 -0.319926202
0.448685706 -0.324059457
0.443015575 -0.326827288
0.435844451 -0.330191314
0.429903716 -0.332391262
0.422483861 -0.335044205
0.419442922 -0.335932076
0.415683746 -0.337000638
0.412612766 -0.337746769
0.408844054 -0.338646561
0.405757517 -0.339248419
0.401999712 -0.339978129
0.398919791 -0.340424836
0.395204514 -0.340968966
0.39215526 -0.341247082
0.388516933 -0.341586918
0.383833587 -0.341745585
0.141653061 -0.341800004
0.041462772 -0.341800004
0 -0.341800004
