0.509498119 0
0.509498119 -0.012786282
0.509497881 -0.019467164
0.50949806 -0.051950362
0.509498 -0.056867402
0.509500444 -0.182069272
0.509501517 -0.207338855
0.509501874 -0.21578078
0.509313285 -0.222210467
0.509310603 -0.22231175
0.509305835 -0.222379342
0.508733213 -0.22910583
0.508725226 -0.229172423
0.507764578 -0.236153752
0.507752717 -0.236220896
0.506399453 -0.24333179
0.506373107 -0.243434772
0.503598154 -0.254110992
0.503559351 -0.254220277
0.499881804 -0.264719248
0.499827802 -0.264837295
0.495239288 -0.274971366
0.49516654 -0.275098979
0.489681125 -0.284703493
0.489585936 -0.284839451
0.48325029 -0.293784648
0.483129501 -0.293925494
0.475994825 -0.30209285
0.475847095 -0.302234292
0.467987835 -0.309575677
0.467812896 -0.309713989
0.459318966 -0.316225171
0.459046841 -0.31639728
0.446892858 -0.32380417
0.446573377 -0.323960125
0.433699608 -0.329999268
0.433334321 -0.330134541
0.419988632 -0.33490628
0.419785261 -0.334965646
0.413016766 -0.336889625
0.412802458 -0.336941719
0.406009108 -0.338563621
0.405784011 -0.33860752
0.399001956 -0.339924455
0.398766845 -0.339958549
0.392052263 -0.340941966
0.391807944 -0.340964258
0.385222137 -0.341579378
0.384827077 -0.341592759
0.141729623 -0.341800004
0.044848304 -0.341800004
0 -0.341800004
