0.509498358 0
0.509498358 -0.017344959
0.509498239 -0.02129467
0.509498417 -0.055824608
0.509498358 -0.058694907
0.50950098 -0.191763937
0.509501874 -0.212869361
0.509442151 -0.214422137
0.509280682 -0.219320297
0.508946478 -0.223245874
0.508627117 -0.226253048
0.508066952 -0.230324015
0.507556736 -0.233453393
0.506767511 -0.237601042
0.506085217 -0.240804225
0.504464567 -0.24704048
0.503144681 -0.251885921
0.500990689 -0.258036882
0.499299079 -0.262823522
0.496600658 -0.268785268
0.494511455 -0.273398519
0.491269439 -0.279077113
0.488776028 -0.283423424
0.485010743 -0.288741499
0.48213473 -0.292758644
0.477870733 -0.297641456
0.474636137 -0.301276028
0.469913751 -0.30568859
0.466359526 -0.308927089
0.461229473 -0.312860787
0.457404166 -0.31571418
0.450021476 -0.32021454
0.444582313 -0.323442787
0.436708897 -0.327137202
0.430978984 -0.329754472
0.422759145 -0.332694232
0.416845202 -0.334750056
0.412651628 -0.335942507
0.409661353 -0.336770445
0.405435324 -0.33777979
0.402443975 -0.338478565
0.398206413 -0.339301795
0.395231456 -0.339871377
0.391015738 -0.340489149
0.388081998 -0.340916038
0.383924782 -0.3413046
0.38105911 -0.341572315
0.375732541 -0.341755986
0.1418062 -0.341800004
0.048233841 -0.341800004
0 -0.341800004
