0.509498596 0
0.509498596 -0.021903634
0.509498537 -0.023122177
0.509498775 -0.059698854
0.509498715 -0.060522415
0.509501517 -0.201458618
0.509501874 -0.209599867
0.509291172 -0.215081006
0.509250462 -0.216314182
0.50916636 -0.217302501
0.508520246 -0.223387092
0.508379638 -0.22440888
0.507347345 -0.230740488
0.507149339 -0.231781006
0.505768359 -0.238264233
0.50536114 -0.239831105
0.502686977 -0.249648288
0.502142906 -0.251201928
0.498710275 -0.260914981
0.498023152 -0.262433022
0.493775308 -0.271812737
0.492941439 -0.273273319
0.487860084 -0.282130659
0.48688072 -0.283513933
0.481005371 -0.29172048
0.479883641 -0.29300499
0.473259956 -0.300447792
0.472004503 -0.301620871
0.464709431 -0.308267891
0.463332266 -0.309323877
0.455462933 -0.315193802
0.453462631 -0.316413164
0.442238867 -0.323074698
0.44007954 -0.324087918
0.428217947 -0.32950598
0.425936192 -0.330322027
0.413651735 -0.334592432
0.412473172 -0.334927559
0.40625006 -0.33665058
0.405054599 -0.336936116
0.398816496 -0.338393331
0.397609293 -0.338627845
0.391391337 -0.339818329
0.390181094 -0.339995682
0.38403365 -0.340890229
0.382830143 -0.341002733
0.376807958 -0.341565281
0.375251293 -0.341618955
0.141882762 -0.341800004
0.051619373 -0.341800004
0 -0.341800004
