0.509498835 0
0.509498835 -0.023279676
0.509499013 -0.059331167
0.509499013 -0.062673613
0.509499073 -0.066821821
0.509499133 -0.069050133
0.509499192 -0.072613567
0.509499311 -0.079400264
0.509499669 -0.098095447
0.509501874 -0.206103116
0.509315372 -0.21082668
0.509213805 -0.212875471
0.508675396 -0.217945635
0.508389711 -0.220112279
0.507530212 -0.225383729
0.50709039 -0.227639601
0.505940437 -0.233038649
0.505377114 -0.235355437
0.503146708 -0.243544638
0.502115428 -0.247069731
0.49924317 -0.255199552
0.497972012 -0.258695543
0.494401336 -0.266583204
0.492860049 -0.269951254
0.488564998 -0.277441382
0.48674044 -0.280602127
0.48174426 -0.287583649
0.479647696 -0.290485591
0.47398147 -0.296854883
0.471626371 -0.299455374
0.465350777 -0.305175364
0.462768614 -0.307471335
0.455963075 -0.312549382
0.453197181 -0.314561278
0.443431973 -0.320358962
0.439528733 -0.322630107
0.429136336 -0.327378571
0.425046563 -0.329213172
0.414206296 -0.332982719
0.409997344 -0.334413081
0.404475063 -0.335942686
0.4023498 -0.336516798
0.396791756 -0.337815732
0.394670397 -0.33829996
0.389105707 -0.3393659
0.387001783 -0.339761168
0.381473124 -0.340566158
0.379405379 -0.340862751
0.373959571 -0.341371864
0.371948183 -0.34155789
0.365923911 -0.341763139
0.141959324 -0.341800004
0.055004906 -0.341800004
0 -0.341800004
