0.509498954 0
0.509499013 -0.022091849
0.509499133 -0.056107406
0.509499133 -0.065042742
0.509499371 -0.076132126
0.50949949 -0.082089067
0.509499669 -0.091615178
0.509500027 -0.109758019
0.50950104 -0.159735739
0.509501874 -0.202222735
0.509428501 -0.20408085
0.50917381 -0.209217384
0.508962631 -0.211206153
0.508247256 -0.216631398
0.507910669 -0.218695819
0.506809592 -0.224343374
0.506359458 -0.226456746
0.504948258 -0.232260376
0.504074752 -0.235467598
0.501485705 -0.244317159
0.500358105 -0.247508809
0.497156203 -0.256314754
0.495748878 -0.259423554
0.491849899 -0.26794377
0.490148574 -0.27091068
0.485510319 -0.278945774
0.483520299 -0.281726569
0.478163272 -0.289141446
0.475893825 -0.291692495
0.469846666 -0.298369706
0.467320383 -0.300672323
0.460659236 -0.306595176
0.45790714 -0.308648705
0.450739443 -0.313862443
0.44677341 -0.316217124
0.436595827 -0.322139025
0.432350904 -0.32407859
0.421619087 -0.328892708
0.417166233 -0.330441117
0.406047195 -0.334219813
0.403766066 -0.334851652
0.398131013 -0.336373955
0.395828247 -0.336912096
0.390180916 -0.338201165
0.387868017 -0.338644207
0.382241815 -0.339701205
0.379935741 -0.340036958
0.374378264 -0.340834111
0.37209776 -0.341047317
0.366660267 -0.341550231
0.364126295 -0.341636568
0.142035902 -0.341800004
0.058390439 -0.341800004
0 -0.341800004
