0.509499133 0
0.509499133 -0.020904019
0.509499311 -0.052883647
0.509499311 -0.067411877
0.509499669 -0.085442431
0.509499848 -0.095127992
0.509500146 -0.110616788
0.509500682 -0.140115783
0.509501874 -0.198134243
0.509378672 -0.200437114
0.509132862 -0.205392525
0.508446634 -0.210597232
0.508101046 -0.212997004
0.50704664 -0.218405083
0.506520033 -0.220906064
0.505168438 -0.226464704
0.504503608 -0.229034811
0.502016068 -0.237537533
0.500825882 -0.241445675
0.497729957 -0.249961376
0.4962942 -0.253823936
0.492490441 -0.262138128
0.490778625 -0.265835762
0.486205518 -0.273760438
0.484206706 -0.277200609
0.478865474 -0.284595907
0.476594776 -0.287721306
0.470500171 -0.294452697
0.467973053 -0.297220945
0.461193383 -0.303250551
0.458446175 -0.305667967
0.451084048 -0.311024278
0.448167443 -0.313123256
0.437601268 -0.319272548
0.433533162 -0.321618915
0.422258228 -0.326677799
0.4180457 -0.328552604
0.406223863 -0.33257103
0.40193525 -0.334015369
0.395892769 -0.335648179
0.393742472 -0.336223513
0.387646228 -0.33761543
0.385513484 -0.338097751
0.379395336 -0.339247555
0.377295524 -0.33963877
0.371202409 -0.34051308
0.369156659 -0.340804458
0.363139689 -0.341361254
0.361170501 -0.341542363
0.355281204 -0.341738164
0.142112464 -0.341800004
0.061775975 -0.341800004
0 -0.341800004
