0.509499311 0
0.509499311 -0.019716192
0.50949949 -0.049659885
0.50949949 -0.069781013
0.509499907 -0.094752744
0.509500206 -0.108166926
0.509500623 -0.129618406
0.509501398 -0.170473531
0.509501874 -0.193661883
0.509192526 -0.199443921
0.509090543 -0.201204434
0.508168221 -0.207609564
0.507948756 -0.209031999
0.506548107 -0.215684071
0.506215513 -0.217167333
0.504445612 -0.224008918
0.50402981 -0.225531384
0.500836611 -0.236015975
0.500105858 -0.238319382
0.496196449 -0.248836845
0.495334387 -0.251092941
0.49057743 -0.261369228
0.489572376 -0.263502568
0.483883381 -0.273295432
0.482735127 -0.275250822
0.476107478 -0.284374684
0.474828899 -0.286121219
0.467273057 -0.294399321
0.465874553 -0.295919657
0.45747751 -0.30330959
0.455980599 -0.304615647
0.446877569 -0.311167508
0.445312619 -0.312283725
0.432277352 -0.31980291
0.430140734 -0.321024448
0.41625613 -0.327204585
0.414091408 -0.328159988
0.399544537 -0.333059877
0.397390246 -0.333779961
0.389960408 -0.335768193
0.388893336 -0.336051702
0.38139993 -0.33774665
0.380356163 -0.337981164
0.372838855 -0.339381933
0.371827632 -0.339569151
0.364346176 -0.340634912
0.363379866 -0.340771735
0.355998904 -0.341450781
0.355091155 -0.34153378
0.353948712 -0.341571659
0.142189026 -0.341800004
0.065161504 -0.341800004
0 -0.341800004
