0.50949949 0
0.50949949 -0.018528365
0.509499669 -0.046436124
0.509499669 -0.072150148
0.509500206 -0.104063049
0.509500563 -0.121205859
0.5095011 -0.148620009
0.509501874 -0.189000055
0.509387076 -0.190893918
0.509049654 -0.196765959
0.507861257 -0.204469234
0.507800281 -0.204845995
0.506008208 -0.21283783
0.505914986 -0.213234395
0.50367111 -0.221450061
0.503555596 -0.221854582
0.499560386 -0.234447211
0.499365866 -0.235036254
0.494536847 -0.247673646
0.494324893 -0.248210594
0.488504589 -0.260565341
0.488284618 -0.261021316
0.48136881 -0.272799641
0.481153756 -0.273160189
0.47312659 -0.284126759
0.472929567 -0.284393132
0.463795453 -0.294324458
0.463624179 -0.294509232
0.453486353 -0.303355753
0.453347415 -0.303476214
0.44237119 -0.311305821
0.442271858 -0.311376184
0.426575512 -0.320350677
0.426528752 -0.320377171
0.418107301 -0.324094296
0.409879476 -0.327725559
0.409833372 -0.327741086
0.392551601 -0.3335177
0.392481595 -0.333536416
0.383732647 -0.335861057
0.383637547 -0.335882574
0.374868363 -0.337852716
0.374746323 -0.337875456
0.366008878 -0.339493066
0.365857989 -0.339514554
0.35722962 -0.3407363
0.357048035 -0.340753019
0.348612934 -0.341524512
0.347715855 -0.341554224
0.341730237 -0.341749668
0.142265603 -0.341800004
0.06854704 -0.341800004
0 -0.341800004
