0.509499669 0
0.509499669 -0.017340537
0.509499788 -0.043212365
0.509499788 -0.074519284
0.509500504 -0.113373354
0.509500921 -0.134244785
0.509501576 -0.167621627
0.509501874 -0.183960781
0.509043574 -0.191520765
0.50901258 -0.192060336
0.508903384 -0.192768157
0.50766319 -0.200432032
0.507501662 -0.20115234
0.50563246 -0.209107801
0.505431771 -0.209842384
0.503099442 -0.218010157
0.502741277 -0.21913901
0.498625308 -0.23160404
0.498182774 -0.232762098
0.493280619 -0.245180845
0.492726415 -0.246357217
0.486922383 -0.258389175
0.486231178 -0.259566367
0.479460359 -0.270918429
0.478614867 -0.272073537
0.470886469 -0.282521337
0.469875216 -0.283620864
0.46120739 -0.29297334
0.460036546 -0.293995053
0.450529963 -0.302235961
0.449216574 -0.303172827
0.439026356 -0.310389578
0.437088341 -0.311497658
0.422671646 -0.31966576
0.420528382 -0.320611775
0.405379236 -0.327237785
0.403054208 -0.328015029
0.387390554 -0.333221227
0.386163682 -0.333547264
0.378234386 -0.335646957
0.376975864 -0.335929751
0.369027376 -0.337710053
0.367741972 -0.337948054
0.359819829 -0.339409679
0.358515263 -0.339594454
0.350689709 -0.340697825
0.349374563 -0.340818137
0.34172225 -0.341514498
0.340672463 -0.341548771
0.142342165 -0.341800004
0.071932577 -0.341800004
0 -0.341800004
