0.509499848 0
0.509499848 -0.01615271
0.509499967 -0.039988603
0.509499967 -0.076888412
0.509500802 -0.122683667
0.509501278 -0.147283718
0.509501874 -0.178748086
0.509205163 -0.183531299
0.508980572 -0.187122971
0.508684456 -0.188952878
0.507542789 -0.195828706
0.507100523 -0.197710916
0.505378544 -0.204826236
0.504828513 -0.206752315
0.502678096 -0.214035973
0.501704276 -0.216985002
0.497909814 -0.228062481
0.496734232 -0.231040299
0.492233604 -0.242046416
0.490810364 -0.244996652
0.485520393 -0.255648166
0.483811706 -0.258513063
0.477688521 -0.268561453
0.475675255 -0.271283329
0.468730181 -0.280531883
0.466401517 -0.283044815
0.458651334 -0.291327327
0.456026733 -0.293602765
0.44755426 -0.300900459
0.444673508 -0.302940845
0.435604483 -0.309323668
0.431432575 -0.311687589
0.4186095 -0.318890423
0.414103717 -0.320861369
0.40064472 -0.326701224
0.39586401 -0.328290403
0.3819713 -0.332897604
0.379497588 -0.333552718
0.372466147 -0.335416287
0.369953215 -0.335979193
0.362903625 -0.337559283
0.360362291 -0.338028222
0.353332669 -0.339323223
0.350781262 -0.339683026
0.343833238 -0.340658635
0.341291338 -0.34088999
0.334492832 -0.341504544
0.329347223 -0.341673195
0.142418727 -0.341800004
0.075318106 -0.341800004
0 -0.341800004
