0.509500027 0
0.509500027 -0.014964882
0.509500146 -0.036764845
0.509500146 -0.079257548
0.5095011 -0.131993979
0.509501636 -0.160322651
0.509501874 -0.173167437
0.509248197 -0.177256793
0.508954763 -0.181985721
0.508447945 -0.185038179
0.507442832 -0.191071212
0.506683052 -0.194210902
0.505161047 -0.200424016
0.504214048 -0.20363158
0.502304256 -0.209964857
0.500627995 -0.214858219
0.497239947 -0.224445164
0.495231301 -0.229356587
0.491210818 -0.238842696
0.488810509 -0.243675172
0.484107345 -0.252831548
0.481269509 -0.257488191
0.475863129 -0.266114682
0.472568125 -0.270502597
0.466478586 -0.278439701
0.462716758 -0.282460243
0.455966085 -0.289574623
0.451769412 -0.293189794
0.444423795 -0.299464285
0.439851165 -0.302682877
0.432006657 -0.308167964
0.425422519 -0.311866701
0.414344817 -0.318042129
0.407291561 -0.321102858
0.395684958 -0.326113284
0.388262987 -0.328574896
0.376309216 -0.332549572
0.372494519 -0.333560705
0.366445869 -0.335173279
0.362582296 -0.336039364
0.35651648 -0.337405056
0.352620661 -0.338122815
0.346567631 -0.339237481
0.342668295 -0.339785069
0.336680233 -0.340620935
0.332808554 -0.340970963
0.326943517 -0.341495246
0.322307169 -0.341641426
0.142495304 -0.341800004
0.078703642 -0.341800004
0 -0.341800004
