0.509500206 0
0.509500206 -0.013777055
0.509500265 -0.033541083
0.509500265 -0.081626683
0.509501398 -0.141304284
0.509501874 -0.167428613
0.509294391 -0.170906097
0.508936286 -0.17666626
0.508203328 -0.181065977
0.50736773 -0.186182261
0.506262898 -0.19069232
0.504988611 -0.195924953
0.503604054 -0.200516373
0.50199163 -0.205820441
0.499527365 -0.212792933
0.496636361 -0.220778003
0.493685156 -0.227740109
0.490237534 -0.235598087
0.486734957 -0.242415786
0.482708901 -0.249966547
0.478608012 -0.256508946
0.474005431 -0.26359877
0.469292194 -0.269741654
0.464145899 -0.276255608
0.458817482 -0.281871289
0.453158349 -0.28771618
0.447258472 -0.29275617
0.4411394 -0.297920197
0.434741288 -0.30239442
0.42823118 -0.30691117
0.419047922 -0.31203106
0.409879506 -0.31711179
0.400088131 -0.321339071
0.390509158 -0.325471193
0.380257279 -0.32888037
0.370419979 -0.332179815
0.365167916 -0.333580166
0.360191613 -0.334922194
0.354877889 -0.336118698
0.349885583 -0.337251872
0.344531238 -0.338237971
0.339545071 -0.339156091
0.334189117 -0.339903772
0.329251021 -0.340586901
0.323936403 -0.341062009
0.319093615 -0.341487259
0.312043041 -0.341711432
0.142571867 -0.341800004
0.082089171 -0.341800004
0 -0.341800004
