0.509500384 0
0.509500384 -0.012589227
0.509500444 -0.030317323
0.509500444 -0.083995819
0.509501696 -0.150614589
0.509501874 -0.161338001
0.509154201 -0.167164683
0.508925855 -0.171180561
0.507962108 -0.177080989
0.507319629 -0.181179956
0.50585556 -0.187191844
0.504866183 -0.191347077
0.503015041 -0.197436124
0.501748323 -0.201620817
0.498417407 -0.210820392
0.496112823 -0.217081264
0.492104292 -0.226216286
0.489332199 -0.232335597
0.484585196 -0.241236567
0.481345206 -0.247076184
0.475822031 -0.255582333
0.472133607 -0.261032462
0.465838253 -0.268999875
0.46174553 -0.273991168
0.454693556 -0.281274468
0.450236112 -0.285755396
0.442484558 -0.292297453
0.437704414 -0.29626438
0.429336041 -0.302070975
0.424279302 -0.30554533
0.412304312 -0.312182009
0.405217528 -0.316092283
0.392497957 -0.321579784
0.385127157 -0.324772269
0.371858746 -0.329223096
0.36431849 -0.331789047
0.357532501 -0.333619297
0.353720069 -0.334664673
0.346854389 -0.336223215
0.343029022 -0.337101579
0.336107343 -0.338376194
0.332283765 -0.339080572
0.325355053 -0.340039134
0.321564734 -0.340557396
0.314683527 -0.341161668
0.310962886 -0.341480881
0.307331592 -0.341589928
0.142648429 -0.341800004
0.085474707 -0.341800004
0 -0.341800004
