0.509500563 0
0.509500563 -0.0114014
0.509500623 -0.027093563
0.509500623 -0.086364955
0.509501874 -0.155107945
0.509449422 -0.156192228
0.509424627 -0.156670615
0.509347796 -0.158052489
0.50892216 -0.165538251
0.507733643 -0.173120588
0.507294476 -0.17606625
0.505470157 -0.183727816
0.504786193 -0.186689511
0.50245142 -0.194402307
0.501564622 -0.197365314
0.497298867 -0.208953977
0.495660752 -0.213356555
0.490478694 -0.224794582
0.48849088 -0.229060456
0.482343495 -0.240138307
0.480018228 -0.244169548
0.472889632 -0.254700959
0.470255077 -0.258428007
0.462185532 -0.268267781
0.459288538 -0.271659672
0.450330436 -0.280664384
0.447211474 -0.283703744
0.437439859 -0.291813076
0.434130251 -0.294504493
0.423634112 -0.301716536
0.420161635 -0.304074228
0.405196697 -0.312332004
0.400370002 -0.314984143
0.384534329 -0.321843654
0.379550964 -0.324014276
0.363082618 -0.329619199
0.358016193 -0.33137092
0.349599749 -0.333678961
0.347042412 -0.334392935
0.338521272 -0.336349726
0.335958272 -0.336946487
0.327356517 -0.338531256
0.32479617 -0.339005053
0.316172302 -0.340184331
0.313636363 -0.340529054
0.305057019 -0.341265142
0.302571088 -0.34147504
0.294102311 -0.341729432
0.292925119 -0.34176299
0.142725006 -0.341800004
0.088860244 -0.341800004
0 -0.341800004
