0.509500742 0
0.509500742 -0.010213573
0.509500802 -0.023869803
0.509500802 -0.088734083
0.509501874 -0.148558229
0.509276807 -0.153212562
0.509170294 -0.155266032
0.508921504 -0.159741372
0.507513165 -0.169187397
0.507279932 -0.170823723
0.505093217 -0.180292308
0.504726171 -0.181928933
0.501890779 -0.191402763
0.50140965 -0.193030789
0.496142358 -0.207186982
0.495244414 -0.209583119
0.488774538 -0.223466694
0.487682134 -0.225756213
0.479977697 -0.239111662
0.478707522 -0.241238475
0.469785303 -0.253858596
0.468363583 -0.25578928
0.458319485 -0.267547607
0.456782848 -0.269276589
0.445724666 -0.280051768
0.444102049 -0.281583369
0.432129323 -0.291319609
0.430439264 -0.292663753
0.417646348 -0.301349759
0.415901721 -0.302517772
0.397737086 -0.312499046
0.395358175 -0.313798785
0.376208335 -0.322140664
0.373795778 -0.323195517
0.353931755 -0.330064267
0.351519823 -0.330908716
0.341370344 -0.333742678
0.340161741 -0.334085524
0.329877079 -0.336480409
0.328674674 -0.336764693
0.318277389 -0.33868897
0.317085087 -0.338912278
0.306644768 -0.340331644
0.305474758 -0.34049204
0.295071244 -0.341370642
0.293938369 -0.341466844
0.288927883 -0.341609716
0.142801568 -0.341800004
0.092245772 -0.341800004
0 -0.341800004
