0.509500921 0
0.509500861 -0.009025745
0.509500921 -0.020646043
0.509500921 -0.091103218
0.509501874 -0.142008513
0.509104133 -0.150232896
0.508919656 -0.153789639
0.507284701 -0.165259525
0.507261157 -0.165429249
0.504696727 -0.176862985
0.504658937 -0.177034676
0.501294732 -0.188419029
0.501245499 -0.188587159
0.494904518 -0.20550777
0.494819552 -0.205733299
0.486952841 -0.222220689
0.486865997 -0.222399399
0.477459073 -0.238149732
0.477385521 -0.238269448
0.466493368 -0.253059328
0.466448843 -0.25311774
0.454238415 -0.266854912
0.454235286 -0.26685831
0.453262419 -0.267776549
0.440927029 -0.279419959
0.440885276 -0.279453903
0.426656991 -0.290770054
0.426569402 -0.290829539
0.411526412 -0.300900728
0.41134721 -0.300999194
0.390205324 -0.312550277
0.389945775 -0.312663317
0.367875308 -0.32231319
0.36753884 -0.322429538
0.344829768 -0.330380291
0.344625145 -0.330437422
0.333073437 -0.333714366
0.33284983 -0.333766431
0.321170837 -0.336527556
0.320927888 -0.336572528
0.309144318 -0.338779598
0.308882773 -0.338815153
0.297079623 -0.340433329
0.296798766 -0.340457052
0.28507778 -0.341452241
0.284930646 -0.341456443
0.142878145 -0.341800004
0.095631309 -0.341800004
0 -0.341800004
