0.5095011 0
0.50950104 -0.007837918
0.5095011 -0.017422283
0.5095011 -0.093472354
0.509501874 -0.135458797
0.508931518 -0.14725323
0.508910418 -0.147659689
0.508723557 -0.14897041
0.507217586 -0.159828067
0.506925404 -0.161130816
0.504546285 -0.171945035
0.504163086 -0.173241735
0.50101918 -0.183976963
0.500294983 -0.185909301
0.494324446 -0.201757237
0.493417025 -0.203659073
0.485986322 -0.218949765
0.484884262 -0.220794961
0.476012081 -0.235237524
0.47471118 -0.237003967
0.464492708 -0.250409991
0.463003516 -0.252085418
0.451648474 -0.264421791
0.449986607 -0.265990317
0.437703341 -0.277242601
0.435882747 -0.278690517
0.422806293 -0.288855016
0.42083931 -0.290171891
0.407058507 -0.299249709
0.404237479 -0.300790995
0.384927392 -0.311250925
0.381912082 -0.31256938
0.361792266 -0.321357667
0.358621955 -0.322467715
0.337931901 -0.329751194
0.336288869 -0.330217332
0.325756967 -0.333237648
0.324079424 -0.333634287
0.313423187 -0.336193472
0.311713845 -0.336513668
0.300952435 -0.338574827
0.29922235 -0.338812023
0.288439542 -0.340334862
0.286700219 -0.340482563
0.275997996 -0.341425776
0.268826932 -0.341649711
0.142954707 -0.341800004
0.099016845 -0.341800004
0 -0.341800004
