0.509501219 0
0.509501219 -0.00665009
0.509501278 -0.014198523
0.509501278 -0.09584149
0.509501874 -0.128909066
0.509021938 -0.138832852
0.5088889 -0.141414657
0.50783807 -0.148990571
0.507131934 -0.154060885
0.50547272 -0.161602721
0.504354417 -0.166680112
0.502161384 -0.174168617
0.500679791 -0.179200858
0.496509403 -0.190270871
0.493687302 -0.19762899
0.488481462 -0.208341762
0.484959692 -0.215362012
0.478717804 -0.225522965
0.474504232 -0.232090428
0.467279077 -0.241569191
0.462423831 -0.247619778
0.454352289 -0.256388545
0.448969334 -0.261933684
0.440193236 -0.269972891
0.434395909 -0.27503106
0.425009698 -0.282326877
0.418867499 -0.286908388
0.408934832 -0.293451279
0.402489871 -0.297560394
0.388512731 -0.305131614
0.379524589 -0.30989635
0.364893317 -0.316287428
0.355552018 -0.320320874
0.34044081 -0.325640738
0.330839694 -0.329011947
0.323122591 -0.331225246
0.318232358 -0.332646579
0.310408533 -0.334525704
0.305461973 -0.33575502
0.297544807 -0.337271601
0.292552382 -0.338292778
0.28460142 -0.339415818
0.27960813 -0.340193808
0.271693885 -0.340891451
0.266754627 -0.341386586
0.256184012 -0.341726631
0.143031269 -0.341800004
0.102402374 -0.341800004
0 -0.341800004
