0.509501398 0
0.509501398 -0.005462262
0.509501457 -0.010974763
0.509501457 -0.098210618
0.509501874 -0.12235935
0.509151399 -0.12960653
0.508865535 -0.135152593
0.508556545 -0.137380376
0.507040083 -0.148269191
0.506552458 -0.15048562
0.504150867 -0.161389321
0.503506124 -0.163590938
0.500323653 -0.174400181
0.499096215 -0.177658394
0.493028849 -0.193477929
0.491492987 -0.19663851
0.48391059 -0.211753145
0.482063621 -0.214759752
0.472975284 -0.228925258
0.47083047 -0.231739059
0.460336775 -0.244816259
0.457932919 -0.247427747
0.446274877 -0.259437025
0.443653554 -0.261838257
0.431074262 -0.272813678
0.428263813 -0.274998248
0.414913505 -0.284956336
0.411933631 -0.286919236
0.397903591 -0.295864403
0.393703371 -0.298139602
0.374099463 -0.30853188
0.369693846 -0.310456306
0.349283218 -0.3192693
0.344725251 -0.320873916
0.323711634 -0.328252345
0.321380973 -0.328920782
0.310669124 -0.332034171
0.308304965 -0.332601994
0.297460854 -0.335296988
0.295067251 -0.335755497
0.284113169 -0.337996095
0.281707674 -0.338335872
0.270740509 -0.340044618
0.26834318 -0.340255946
0.257480025 -0.341344953
0.254270881 -0.341448188
0.143107846 -0.341800004
0.105787911 -0.341800004
0 -0.341800004
