0.509501576 0
0.509501576 -0.004274435
0.509501576 -0.007751002
0.509501576 -0.100579754
0.509501874 -0.115809634
0.50928086 -0.120380208
0.509020329 -0.12543422
0.508840501 -0.129216775
0.507458866 -0.139137581
0.506937325 -0.142881528
0.504749417 -0.152815253
0.503914177 -0.156501159
0.501013577 -0.166352943
0.49989289 -0.169962153
0.49435693 -0.184395716
0.492976397 -0.187907696
0.49134475 -0.191309616
0.484417319 -0.205118477
0.482546896 -0.208383158
0.47422576 -0.221353054
0.472126156 -0.224460602
0.469247699 -0.228057697
0.459625036 -0.240050033
0.456475079 -0.243396804
0.44576177 -0.254433453
0.442403883 -0.257557392
0.430821985 -0.267663121
0.427290887 -0.270575285
0.414979756 -0.279758662
0.411293775 -0.282460719
0.407463878 -0.284954071
0.394514173 -0.293210685
0.390559047 -0.295486093
0.372439057 -0.305091858
0.36837694 -0.307153761
0.349482715 -0.315312177
0.341130346 -0.318929821
0.336857766 -0.320492357
0.317390442 -0.327327728
0.307457179 -0.330214798
0.303118527 -0.331558287
0.293058753 -0.334058315
0.288652718 -0.335158527
0.27848658 -0.337237895
0.274026424 -0.338083744
0.263842225 -0.33967042
0.259343117 -0.34022966
0.249246582 -0.341241717
0.244726539 -0.341444314
0.143184409 -0.341800004
0.109173439 -0.341800004
0 -0.341800004
