0.509501755 0
0.509501755 -0.001154979
0.509501755 -0.003086607
0.509501755 -0.004527242
0.509501755 -0.102948889
0.509501874 -0.109259911
0.509410262 -0.111153886
0.509302318 -0.113248184
0.508814216 -0.123513892
0.508241653 -0.127624914
0.506826937 -0.137781903
0.505920291 -0.141898289
0.503653884 -0.151900291
0.502451897 -0.155982718
0.499408722 -0.165783584
0.497114718 -0.171764627
0.493360043 -0.181316122
0.488922477 -0.190568283
0.486051857 -0.196290448
0.480955124 -0.205186367
0.477506995 -0.210560888
0.471773684 -0.219046459
0.463913739 -0.228868842
0.459926248 -0.233838275
0.451306343 -0.242996708
0.4468669 -0.247570127
0.437660068 -0.256135523
0.432860702 -0.260323167
0.423162878 -0.268321216
0.418061346 -0.272126645
0.407924742 -0.279557407
0.397392362 -0.286414266
0.392026216 -0.289835691
0.381137133 -0.296100229
0.373628467 -0.300080717
0.362429291 -0.305765361
0.354599804 -0.309146076
0.331545085 -0.319131732
0.31975159 -0.323444754
0.311684638 -0.326277226
0.307568461 -0.327473581
0.295577615 -0.331186682
0.291408986 -0.332222641
0.279227406 -0.335264444
0.275014699 -0.336126119
0.262677461 -0.33846584
0.258457303 -0.339123338
0.246001661 -0.340671539
0.241817817 -0.341090918
0.229284465 -0.341652602
0.143260971 -0.341800004
0.112558976 -0.341800004
0 -0.341800004
