0.509501874 0
0.509501874 -0.002738462
0.509501874 -0.007707621
0.509501874 -0.097911268
0.509501874 -0.100394048
0.509501874 -0.102892116
0.5094769 -0.104121946
0.508896708 -0.116324596
0.50886482 -0.116965346
0.508819461 -0.117607795
0.508760333 -0.11825078
0.508687019 -0.118892953
0.50859952 -0.11953263
0.506916583 -0.131615281
0.506814599 -0.132253841
0.506569088 -0.133511931
0.503870726 -0.145420283
0.503569663 -0.146649852
0.503219664 -0.147845238
0.499592364 -0.159527197
0.499199629 -0.160702109
0.498308867 -0.162991673
0.493826419 -0.174394578
0.492783666 -0.176599652
0.48748216 -0.187653109
0.486296803 -0.189776793
0.480202228 -0.200414345
0.478889614 -0.202465653
0.472028017 -0.212621152
0.471079946 -0.21394302
0.470079571 -0.215215459
0.465392262 -0.220724121
0.457966775 -0.230003521
0.44982022 -0.238659009
0.444645584 -0.243809402
0.435954213 -0.251895219
0.430408001 -0.256689698
0.42126441 -0.264230639
0.415399849 -0.268679917
0.40585497 -0.275676876
0.39971444 -0.279789478
0.389811456 -0.286236584
0.383417666 -0.289991289
0.373191655 -0.295874387
0.366565794 -0.299257606
0.356061071 -0.304589719
0.349243015 -0.307647288
0.327645689 -0.3170017
0.320690691 -0.319768518
0.309660107 -0.323802531
0.302566916 -0.326251715
0.291365355 -0.329720408
0.284138352 -0.331791103
0.272771508 -0.334629476
0.265382141 -0.33623594
0.253885329 -0.338416308
0.246334746 -0.339462996
0.234747261 -0.340903282
0.223084241 -0.341425985
0.143337548 -0.341800004
0.115944512 -0.341800004
0 -0.341800004
