0.509501874 0
0.509501874 -0.00442237
0.509501874 -0.026386175
0.509501874 -0.074949108
0.509501874 -0.085923046
0.509501874 -0.096964583
0.509391546 -0.102400467
0.509242356 -0.10553816
0.50910145 -0.108370304
0.508901 -0.111209936
0.508639634 -0.114051931
0.508315623 -0.116890356
0.507928908 -0.119717754
0.507490337 -0.122866452
0.507039666 -0.125688925
0.505954444 -0.131249681
0.505242288 -0.134392709
0.503911376 -0.1398274
0.502364457 -0.145111039
0.501392186 -0.148242474
0.49965626 -0.153435588
0.495719016 -0.163555503
0.494492948 -0.166674525
0.489883959 -0.176420972
0.488418102 -0.179477215
0.483178854 -0.188863963
0.481479377 -0.191830263
0.47567749 -0.200897112
0.4737508 -0.203748733
0.469560236 -0.209591433
0.465138614 -0.215215668
0.461252809 -0.219782323
0.45129469 -0.230892301
0.444441348 -0.237713918
0.436234057 -0.245591879
0.428979903 -0.251863062
0.420178115 -0.259249508
0.412604988 -0.264995188
0.403284699 -0.271905988
0.395454645 -0.277150184
0.38568294 -0.283604562
0.377628028 -0.288334727
0.367434531 -0.294291586
0.359186441 -0.298503071
0.348594248 -0.303924918
0.340209186 -0.307685107
0.329259574 -0.312607527
0.320793837 -0.315975547
0.309529096 -0.320438027
0.301005542 -0.323381364
0.289466947 -0.327355772
0.280883551 -0.329815298
0.269096792 -0.333228439
0.260418206 -0.335115314
0.248311624 -0.3377918
0.239562348 -0.339004815
0.227117464 -0.34074831
0.22213994 -0.341004103
0.14341411 -0.341800004
0.119330041 -0.341800004
0 -0.341800004
