0.509501874 0
0.509501874 -0.006106278
0.509501874 -0.045064729
0.509501874 -0.051986948
0.509501874 -0.071452051
0.509501874 -0.09103705
0.509436488 -0.094259679
0.509342313 -0.098336801
0.509306073 -0.099064901
0.509140313 -0.102089301
0.509088397 -0.102825008
0.508854568 -0.105856679
0.508786201 -0.106599927
0.508483469 -0.109632701
0.508397758 -0.110383801
0.508025646 -0.113410659
0.507921875 -0.114169657
0.507481039 -0.117180929
0.50735867 -0.117947415
0.506850719 -0.120932207
0.506549776 -0.122474752
0.505336702 -0.128332719
0.504956126 -0.129887134
0.503493011 -0.135530978
0.503035605 -0.137093216
0.501348257 -0.142527163
0.50082171 -0.14410235
0.498944581 -0.14937295
0.497708887 -0.152548581
0.493461698 -0.162734762
0.49194774 -0.165935859
0.487052113 -0.17560789
0.48526758 -0.17880474
0.479765147 -0.188008726
0.477732778 -0.1911847
0.471696854 -0.199993953
0.47019884 -0.202082679
0.465893447 -0.207741708
0.464609593 -0.209357232
0.459575325 -0.215215698
0.448334068 -0.227154791
0.44530943 -0.23054722
0.441212833 -0.234479755
0.429838866 -0.245010823
0.425602466 -0.24856621
0.413431197 -0.258497745
0.409108877 -0.261702776
0.396238357 -0.271053076
0.391872674 -0.273936689
0.378390849 -0.282733768
0.373999804 -0.285299718
0.359943599 -0.293488264
0.355541527 -0.295741409
0.340936184 -0.303260535
0.336546659 -0.305233747
0.321421534 -0.312085062
0.317074537 -0.31380713
0.30146268 -0.320002496
0.297186047 -0.321475625
0.281150937 -0.326993138
0.276949048 -0.328209877
0.260540962 -0.332972676
0.256382495 -0.333891958
0.239509121 -0.337656021
0.235409036 -0.338230371
0.218047559 -0.340708792
0.206411421 -0.34131813
0.202556521 -0.341516227
0.143490672 -0.341800004
0.122715577 -0.341800004
0 -0.341800004
