0.509501874 0
0.509501874 -0.003176472
0.509501874 -0.016651792
0.509501874 -0.044303622
0.509501874 -0.051055297
0.509501874 -0.06486591
0.509501874 -0.081217073
0.509501874 -0.085391909
0.509453952 -0.087163374
0.509312868 -0.093201526
0.509076595 -0.097178742
0.509074509 -0.097209983
0.508740783 -0.101209529
0.508738339 -0.101235867
0.50830555 -0.105250873
0.508303046 -0.105270967
0.507769585 -0.109294079
0.507767677 -0.10930641
0.50713402 -0.113327116
0.507133424 -0.113330334
0.506899178 -0.114612229
0.506402731 -0.117329523
0.506397963 -0.117352664
0.504662156 -0.1251968
0.504638195 -0.125289187
0.502566159 -0.132806137
0.502517998 -0.132961318
0.500143349 -0.140154615
0.500068247 -0.140365452
0.497429162 -0.147300839
0.497211397 -0.147822797
0.491226941 -0.161148384
0.490875781 -0.161841854
0.484036714 -0.174445421
0.483546704 -0.175264835
0.475902945 -0.187215582
0.47528109 -0.188123003
0.466921717 -0.199524179
0.466431588 -0.200168371
0.460516095 -0.20750688
0.45938012 -0.208826721
0.453606069 -0.215215698
0.44118607 -0.227838844
0.438870519 -0.23021701
0.437681973 -0.23131761
0.423026592 -0.244428605
0.421941429 -0.245314136
0.406315297 -0.25774765
0.405360162 -0.258441567
0.388878167 -0.270215482
0.388071477 -0.27074185
0.370836109 -0.281884044
0.370184928 -0.282263368
0.352238625 -0.292706311
0.35174641 -0.29295972
0.33311373 -0.302619517
0.332785338 -0.30276823
0.313475609 -0.311597526
0.313323319 -0.311657965
0.297720045 -0.317881197
0.293372422 -0.319615096
0.293350965 -0.319623768
0.272960365 -0.326645583
0.272840023 -0.326687366
0.252232671 -0.332666755
0.252018243 -0.332729191
0.231105134 -0.33742106
0.230790615 -0.337492466
0.209583521 -0.340586752
0.209156841 -0.340651631
0.20887278 -0.340668499
0.143567249 -0.341800004
0.126101106 -0.341800004
0 -0.341800004
