0.509501874 0
0.509501874 -0.028988456
0.509501874 -0.039666608
0.509501874 -0.054516118
0.509501874 -0.059841245
0.509501874 -0.066145964
0.509501874 -0.080127738
0.509341359 -0.086060472
0.50928688 -0.088393629
0.509195566 -0.089930438
0.509013593 -0.092669897
0.50888437 -0.094218686
0.508625865 -0.096966118
0.508457839 -0.098524973
0.508120775 -0.101268686
0.507912993 -0.102835633
0.507496119 -0.105563954
0.507248342 -0.107136033
0.50675422 -0.109837227
0.506466746 -0.111410201
0.505900621 -0.114073418
0.505208552 -0.117198937
0.503880322 -0.122374967
0.503033936 -0.125444204
0.501476765 -0.130360484
0.500484049 -0.133366734
0.498721182 -0.138026997
0.497594088 -0.140988216
0.495639712 -0.145438105
0.493020654 -0.15126583
0.488598228 -0.159695119
0.485498846 -0.165404722
0.480520934 -0.173353761
0.476956248 -0.178925887
0.47145918 -0.186456338
0.467472166 -0.191893473
0.461501151 -0.199069187
0.458634526 -0.202625677
0.454452813 -0.207277268
0.447941869 -0.214319155
0.447131634 -0.215215698
0.445433825 -0.216941282
0.431772977 -0.229878783
0.424825132 -0.236094564
0.415628582 -0.2438467
0.408414751 -0.249586523
0.398699075 -0.257024884
0.391287535 -0.262319148
0.381108314 -0.269438624
0.373554498 -0.274321795
0.362958342 -0.281120092
0.355284482 -0.285585284
0.344284147 -0.292011827
0.336503386 -0.296045274
0.325098753 -0.302038133
0.31722039 -0.305640101
0.305393845 -0.311140656
0.29743731 -0.314313829
0.285177141 -0.319272041
0.277189761 -0.322022587
0.264545709 -0.326412946
0.256556839 -0.328730971
0.243581131 -0.332509041
0.235554323 -0.334309846
0.222215131 -0.337338835
0.214158446 -0.338514358
0.200463697 -0.340596557
0.191346705 -0.341138035
0.143643811 -0.341800004
0.12948665 -0.341800004
0 -0.341800004
