0.509501874 0
0.509501874 -0.001310074
0.509501874 -0.035223208
0.509501874 -0.038094632
0.509501874 -0.055027504
0.509501874 -0.063872062
0.509501874 -0.07486356
0.509375215 -0.079544835
0.509261191 -0.083746411
0.509032011 -0.087195136
0.508952558 -0.088293225
0.508625627 -0.091766521
0.508511722 -0.092860848
0.508083165 -0.096347183
0.507933557 -0.097429998
0.507400155 -0.100918479
0.507214189 -0.101981759
0.506577253 -0.105461396
0.506357372 -0.106498867
0.505621433 -0.109958678
0.505371869 -0.11096558
0.503619611 -0.117787093
0.503050148 -0.119685657
0.500958145 -0.126285866
0.500314772 -0.128029332
0.497905374 -0.134396031
0.497202218 -0.135996073
0.494488031 -0.142174363
0.49373138 -0.143656373
0.487444699 -0.155628517
0.485813409 -0.158298731
0.478556991 -0.169880763
0.476808399 -0.172292426
0.468630463 -0.183493569
0.466782719 -0.185706258
0.457758069 -0.196551651
0.455825508 -0.198615953
0.449443161 -0.205716968
0.448122293 -0.207047522
0.445606291 -0.209558487
0.439965159 -0.215215698
0.429390341 -0.225137681
0.424475014 -0.22954002
0.413472861 -0.238813937
0.408053964 -0.243269384
0.396829218 -0.251862347
0.390932322 -0.256314069
0.379569322 -0.26426059
0.373214722 -0.26868099
0.361776054 -0.276018918
0.354982883 -0.280380309
0.343487591 -0.287095189
0.336255342 -0.291340917
0.324709445 -0.29740718
0.317029208 -0.301472664
0.305430472 -0.306866497
0.297277868 -0.310692042
0.285645187 -0.315395951
0.27699399 -0.318927586
0.265397966 -0.32295388
0.256269693 -0.326148033
0.244759753 -0.329499453
0.235189974 -0.332298309
0.223741814 -0.334897965
0.213711321 -0.33719188
0.20235534 -0.338918269
0.191867456 -0.340543896
0.181143641 -0.341172636
0.173820645 -0.341607571
0.143720374 -0.341800004
0.132872179 -0.341800004
0 -0.341800004
