0.509501874 0
0.509501874 -0.013374253
0.509501874 -0.031108202
0.509501874 -0.041721422
0.509501874 -0.050569165
0.509501874 -0.063511871
0.509501874 -0.070002362
0.509319663 -0.076290615
0.509236038 -0.079372473
0.509186685 -0.080115415
0.508891284 -0.084197149
0.508820295 -0.08495149
0.50839448 -0.089041345
0.508300543 -0.089805856
0.507737637 -0.093879603
0.507619321 -0.09465345
0.506913722 -0.098687001
0.506770492 -0.099469528
0.505928159 -0.103443831
0.505760074 -0.104234055
0.504793286 -0.108133979
0.504386365 -0.109718136
0.502126634 -0.117251329
0.501624107 -0.118836768
0.499008447 -0.125925362
0.498411506 -0.127502754
0.495484889 -0.134162277
0.494794011 -0.135734946
0.491572797 -0.142044008
0.489933997 -0.145164877
0.482686251 -0.157028437
0.480717599 -0.160170615
0.472647041 -0.171301514
0.470359117 -0.174435258
0.461556464 -0.184976563
0.458973557 -0.188080564
0.449532688 -0.198165074
0.447676003 -0.200230837
0.441138566 -0.206816182
0.436983526 -0.210962951
0.432366937 -0.215215698
0.424295634 -0.222274661
0.416553646 -0.229205996
0.408719063 -0.235648125
0.399941176 -0.242714033
0.392098129 -0.2486348
0.382713318 -0.255643219
0.374913692 -0.261068225
0.364952832 -0.267978221
0.3572326 -0.272934079
0.346719116 -0.279704183
0.339085698 -0.284184724
0.328010708 -0.290729761
0.320464432 -0.29472369
0.308806777 -0.300947756
0.301347166 -0.304447591
0.289073169 -0.310266674
0.281716496 -0.313269377
0.268796295 -0.31860581
0.261594206 -0.321125746
0.248057008 -0.325911254
0.241044775 -0.32796213
0.226935014 -0.332113683
0.220104411 -0.333675802
0.205411062 -0.337062061
0.198788419 -0.338088393
0.183539867 -0.340497047
0.177261442 -0.340865195
0.143796951 -0.341800004
0.136257708 -0.341800004
0 -0.341800004
