0.509501874 0
0.509501874 -0.025438434
0.509501874 -0.026993198
0.509501874 -0.045348208
0.509501874 -0.046110827
0.509501874 -0.047226407
0.509501874 -0.06546776
0.509325504 -0.071555413
0.509207845 -0.075337261
0.509009004 -0.078083955
0.50882268 -0.080441751
0.508534372 -0.083209731
0.50826329 -0.085559003
0.507879436 -0.088335149
0.507518172 -0.090658866
0.50703299 -0.093430638
0.506577492 -0.095711805
0.505992472 -0.09847004
0.505447805 -0.100696206
0.504768789 -0.103433371
0.504145741 -0.105595753
0.502530038 -0.11097534
0.501091242 -0.115076631
0.499174982 -0.120264791
0.497539461 -0.124040797
0.495346129 -0.129028589
0.493552983 -0.132507026
0.491088331 -0.137332454
0.489155829 -0.140577361
0.483457804 -0.149894357
0.479244679 -0.155869067
0.472694457 -0.164896742
0.468095809 -0.170370325
0.4607701 -0.179140165
0.455861121 -0.184254646
0.447854817 -0.192806587
0.442727119 -0.197704971
0.437115759 -0.20335874
0.43362397 -0.206575856
0.424898446 -0.214661762
0.424297124 -0.215215698
0.423286974 -0.216099158
0.408158958 -0.228887483
0.403609097 -0.23255007
0.391423464 -0.242189378
0.387045145 -0.245458812
0.374153048 -0.255009472
0.369972408 -0.257909238
0.356409788 -0.267312169
0.352443159 -0.26986593
0.338232636 -0.279061228
0.334482372 -0.28127709
0.319600701 -0.290146112
0.316066921 -0.292032421
0.300476372 -0.300443947
0.297163486 -0.302014261
0.280820519 -0.309859991
0.277745783 -0.311129719
0.260615259 -0.318307579
0.257812351 -0.319298327
0.239925921 -0.325702339
0.23741585 -0.326440901
0.218822703 -0.331953287
0.21660623 -0.332464099
0.197316483 -0.336946934
0.195410326 -0.337247968
0.175484508 -0.340454757
0.167542383 -0.340976328
0.143873513 -0.341800004
0.139643237 -0.341800004
0 -0.341800004
