0.509501874 0
0.509501874 -0.023374349
0.509501874 -0.030092632
0.509501874 -0.042191524
0.509501874 -0.055794027
0.509501874 -0.060933169
0.509458363 -0.06243512
0.509242892 -0.069360979
0.509177804 -0.071464941
0.508773088 -0.076584078
0.508749723 -0.076850347
0.508156598 -0.081987917
0.508124053 -0.082239471
0.507326663 -0.087365627
0.507285774 -0.087597996
0.506269574 -0.092683844
0.50622195 -0.092892423
0.504991651 -0.097918056
0.50494051 -0.098099425
0.503513098 -0.103050046
0.503462136 -0.103202485
0.500077426 -0.11283835
0.499997795 -0.113032259
0.496033341 -0.122175701
0.495985925 -0.122268289
0.49151668 -0.130932108
0.491508901 -0.130944818
0.490577668 -0.13250795
0.486598164 -0.139190078
0.486541748 -0.139282316
0.475616664 -0.1547755
0.47541517 -0.155053213
0.46329692 -0.169477046
0.462955594 -0.169885635
0.449851871 -0.18353793
0.449387401 -0.184034064
0.435564876 -0.197238445
0.435192704 -0.197613433
0.425732881 -0.206329152
0.425050527 -0.206961483
0.415448427 -0.215215698
0.400225818 -0.227797404
0.399294257 -0.228588402
0.398124188 -0.229513943
0.382506371 -0.241698369
0.381654143 -0.242329627
0.365258425 -0.254413486
0.364730656 -0.254779309
0.347592592 -0.266680539
0.347394079 -0.266808957
0.336677432 -0.273791194
0.329658687 -0.27836287
0.329530448 -0.278447181
0.311485618 -0.289311528
0.311033845 -0.28958714
0.292837232 -0.299528748
0.292052031 -0.299964637
0.273678869 -0.308917016
0.272541285 -0.309481531
0.253992945 -0.317384899
0.252477735 -0.318043321
0.23381497 -0.324826062
0.231908932 -0.325531006
0.213194758 -0.331131667
0.210894093 -0.331828207
0.192175567 -0.336218327
0.189477965 -0.336857289
0.170850158 -0.339907974
0.167758524 -0.340421915
0.161236405 -0.340837896
0.151060238 -0.341492206
0.149104878 -0.341620624
0.143950075 -0.341800004
0.143028781 -0.341800004
0 -0.341800004
