0.509501874447 0
0.509501874447 -0.0110365264118
0.509501874447 -0.0198082458228
0.509501874447 -0.0339590534568
0.509501874447 -0.0383283607662
0.509501874447 -0.0467871502042
0.509501874447 -0.0568899400532
0.509293973446 -0.0630073100328
0.509139537811 -0.0679997727275
0.508992612362 -0.0698583871126
0.508658528328 -0.0736673772335
0.508442282677 -0.0755403265357
0.50795263052 -0.0793257653713
0.507660508156 -0.0812034457922
0.507003426552 -0.084937043488
0.506629109383 -0.086810529232
0.505795061588 -0.090464271605
0.505338788033 -0.0923282280564
0.504336476326 -0.0958823338151
0.503802955151 -0.0977327898145
0.502652227879 -0.101174101233
0.501376450062 -0.104806028306
0.498705506325 -0.111312165856
0.497185587883 -0.114817604423
0.49414229393 -0.120762877166
0.492402374744 -0.124135762453
0.489073395729 -0.129583641887
0.487123996019 -0.132855847478
0.483562201262 -0.137940242887
0.479084849358 -0.14428371191
0.471392482519 -0.153740912676
0.466208070517 -0.159907966852
0.457805275917 -0.168587803841
0.45201677084 -0.174616828561
0.443074733019 -0.182793363929
0.436826735735 -0.188761785626
0.427592486143 -0.196744576097
0.42325091362 -0.200745403767
0.417008072138 -0.206060275435
0.410886496305 -0.211370095611
0.406160920858 -0.215215697885
0.391699492931 -0.226908192039
0.38992190361 -0.228309452534
0.375779360533 -0.239227339625
0.373153418303 -0.241240724921
0.359025716782 -0.251627236605
0.355997085571 -0.253856360912
0.341905355453 -0.263679891825
0.338477045298 -0.266087383032
0.324428111315 -0.275321871042
0.320600658655 -0.277868121862
0.306556522846 -0.286433190107
0.302314370871 -0.289062082767
0.288233965635 -0.296876162291
0.283552616835 -0.299524843693
0.269413769245 -0.306538850069
0.26426333189 -0.309149324894
0.250065177679 -0.315317571163
0.244414016604 -0.317827135324
0.23019875586 -0.323083788157
0.224035337567 -0.325407862663
0.209851354361 -0.329702168703
0.203177899122 -0.331751525402
0.18908084929 -0.335090994835
0.181914970279 -0.336807072163
0.167986214161 -0.33912268281
0.160361886024 -0.34040415287
0.157882228494 -0.340574890375
0.139047592878 -0.341800004244
0.0768179818988 -0.341800004244
0 -0.341800004244
