0.509501874447 0
0.509501874447 -0.0165130700916
0.509501874447 -0.0258591491729
0.509501874447 -0.0393970683217
0.509501874447 -0.0530860312283
0.509218275547 -0.0614309422672
0.509094536304 -0.0646979957819
0.508715569973 -0.0690166950226
0.508552789688 -0.0706432908773
0.507993578911 -0.0749650672078
0.50775706768 -0.0765658840537
0.507000386715 -0.0808637291193
0.506686091423 -0.0824237167835
0.50571590662 -0.08667191118
0.505321383476 -0.0881758332253
0.504141569138 -0.0923575684428
0.503673493862 -0.0937953367829
0.502300679684 -0.0978988483548
0.501770734787 -0.0992648079991
0.49850961566 -0.107199199498
0.497315078974 -0.109686180949
0.493493080139 -0.117145322263
0.492171853781 -0.119324311614
0.487882584333 -0.126338928938
0.486481815577 -0.128262072802
0.481785714626 -0.134963452816
0.480338484049 -0.136706843972
0.469855219126 -0.149583667517
0.466927707195 -0.152689516544
0.455079823732 -0.164922609925
0.4520432055 -0.167671084404
0.439114660025 -0.179490536451
0.436012834311 -0.18202586472
0.42241731286 -0.193778812885
0.41932529211 -0.196235924959
0.410034745932 -0.204146638513
0.407980263233 -0.205780595541
0.396999299526 -0.214773237705
0.396433025599 -0.215215697885
0.382850140333 -0.225871011615
0.380022883415 -0.228050798178
0.366405010223 -0.238487631083
0.363359391689 -0.240813866258
0.349640637636 -0.250906467438
0.346377104521 -0.253336310387
0.332564264536 -0.263031929731
0.329082250595 -0.265534520149
0.315171003342 -0.274785220623
0.31146645546 -0.277329534292
0.297409206629 -0.286037504673
0.293466120958 -0.28858140111
0.279209256172 -0.296644866467
0.275005340576 -0.299140810966
0.260510385036 -0.306485265493
0.256018102169 -0.308882266283
0.241264864802 -0.315432399511
0.236457392573 -0.317674696445
0.221472263336 -0.323324620724
0.216342866421 -0.325345635414
0.201167792082 -0.330005973577
0.195721253753 -0.331739783287
0.180424436927 -0.335403800011
0.174680933356 -0.336813479662
0.159354791045 -0.339390188456
0.153346687555 -0.340408951044
0.147212326527 -0.340806514025
0.142343074083 -0.341141790152
0.132223904133 -0.341800004244
0 -0.341800004244
