0.509501874447 0
0.509501874447 -0.0135726183653
0.509501874447 -0.0445015728474
0.509501874447 -0.0468785874546
0.509501874447 -0.0492821261287
0.509452104568 -0.0507473386824
0.509040355682 -0.0616128481925
0.508972108364 -0.0623907372355
0.508427560329 -0.0678330287337
0.508325457573 -0.0686223208904
0.507528483868 -0.0740167051554
0.507388055325 -0.0748141035438
0.506319642067 -0.0801169723272
0.506136238575 -0.0809200853109
0.50478053093 -0.0860880687833
0.504552423954 -0.0868965014815
0.502923190594 -0.0919009670615
0.50265109539 -0.0927144512534
0.500779747963 -0.0975378826261
0.500115931034 -0.0991529077291
0.495763391256 -0.108214870095
0.494944244623 -0.109813578427
0.489978432655 -0.118003316224
0.489018023014 -0.119573943317
0.48359850049 -0.127014562488
0.482509195805 -0.12856900692
0.476752966642 -0.135503217578
0.474246948957 -0.138581424952
0.461978644133 -0.151597052813
0.459000855684 -0.154671669006
0.445723950863 -0.166688665748
0.442362576723 -0.169761687517
0.428361952305 -0.181205317378
0.424749493599 -0.184328198433
0.410446673632 -0.19569401443
0.407940357924 -0.197828099132
0.398322999477 -0.205476880074
0.395341843367 -0.20791824162
0.386002123356 -0.215215697885
0.382312566042 -0.218110024929
0.369734436274 -0.227807670832
0.366177231073 -0.230533927679
0.353247016668 -0.240409970284
0.34979942441 -0.242946311831
0.336504906416 -0.252844631672
0.333166003227 -0.255188316107
0.319496363401 -0.265012979507
0.316263735294 -0.267162621021
0.302198320627 -0.276822894812
0.299060672522 -0.278766542673
0.284539282322 -0.288134992123
0.281485617161 -0.28986209631
0.266434937716 -0.298797935247
0.263459891081 -0.300305366516
0.24780100584 -0.308660686016
0.244906425476 -0.309945821762
0.228572785854 -0.317564189434
0.225772172213 -0.318620115519
0.208764046431 -0.325321406126
0.206071704626 -0.326148241758
0.188420206308 -0.331767261028
0.185852438211 -0.332382321358
0.167635798454 -0.336853384972
0.165211364627 -0.337260991335
0.146541520953 -0.340426802635
0.127479359508 -0.341662198305
0.126803904772 -0.341708689928
0.125400215387 -0.341800004244
0 -0.341800004244
