0.509501874447 0
0.509501874447 -0.0106321675703
0.509501874447 -0.0376934483647
0.509501874447 -0.0417766310275
0.509501874447 -0.0458684377372
0.509304940701 -0.0492213666439
0.509209275246 -0.05215203017
0.508961081505 -0.0587046258152
0.508629024029 -0.0620226711035
0.508250534534 -0.0651806890965
0.507761061192 -0.0684933140874
0.507216095924 -0.071606554091
0.506554305553 -0.0748910829425
0.505835413933 -0.0779298618436
0.504986763 -0.0811647474766
0.504088997841 -0.0840999037027
0.503056168556 -0.0872724503279
0.501991927624 -0.0900861024857
0.500788509846 -0.0931881889701
0.499580562115 -0.0958713516593
0.496717810631 -0.101827614009
0.493960291147 -0.106772772968
0.490594565868 -0.112320289016
0.487506359816 -0.116694442928
0.483734458685 -0.121870294213
0.480418026447 -0.12577085197
0.476318925619 -0.130706712604
0.472847908735 -0.134291768074
0.463850170374 -0.143827021122
0.4566398561 -0.150450482965
0.446575820446 -0.159554615617
0.438974142075 -0.165635436773
0.428114295006 -0.174510136247
0.420264810324 -0.180322989821
0.408995062113 -0.189278334379
0.401107102633 -0.195101559162
0.393458098173 -0.201185494661
0.388208091259 -0.205143228173
0.380429714918 -0.211220771074
0.375030726194 -0.215215697885
0.368994921446 -0.219931393862
0.359058380127 -0.227587327361
0.349218189716 -0.235098972917
0.342806577682 -0.240047231317
0.332995325327 -0.247348204255
0.326364070177 -0.25240701437
0.316565901041 -0.259445637465
0.309701442719 -0.264553338289
0.299897044897 -0.271284043789
0.29278126359 -0.276382267475
0.282927066088 -0.282737016678
0.275524497032 -0.287756025791
0.265572845936 -0.293662160635
0.257838755846 -0.298522233963
0.247744858265 -0.303906351328
0.239620640874 -0.308502733707
0.229355603456 -0.313289374113
0.220787122846 -0.317509531975
0.210367396474 -0.321614325047
0.201348602772 -0.32534584403
0.190806180239 -0.328701734543
0.181351006031 -0.331839829683
0.170741796494 -0.334444105625
0.160887464881 -0.336928963661
0.150284424424 -0.338727474213
0.140091300011 -0.34045830369
0.129606768489 -0.341138094664
0.119326047599 -0.341800004244
0.0571859143674 -0.341800004244
0 -0.341800004244
