0.509501874447 0
0.509501874447 -0.00769171584398
0.509501874447 -0.0239981282502
0.509501874447 -0.0332694463432
0.509501874447 -0.0425603501499
0.509054720402 -0.0501735433936
0.508869230747 -0.0558554716408
0.508128523827 -0.0620349794626
0.508047640324 -0.062578625977
0.506972908974 -0.0687178373337
0.50686198473 -0.0692378878593
0.505430936813 -0.0752872526646
0.505292475224 -0.075775526464
0.50348418951 -0.0816880762577
0.50332224369 -0.0821359306574
0.501148343086 -0.0878846794367
0.500970184803 -0.088287293911
0.498463392258 -0.0938576236367
0.498277306557 -0.0942136496305
0.492384046316 -0.10477950424
0.492031574249 -0.105329200625
0.485215604305 -0.114981621504
0.484895288944 -0.115380950272
0.477366834879 -0.12423350662
0.477088928223 -0.124522902071
0.469011694193 -0.132863119245
0.468781173229 -0.13307325542
0.451346427202 -0.149071991444
0.451094895601 -0.149274274707
0.43207681179 -0.164479359984
0.431987643242 -0.164542987943
0.416076630354 -0.176323473454
0.411914587021 -0.179405614734
0.411894798279 -0.179421365261
0.391497522593 -0.194479525089
0.391439914703 -0.194525331259
0.377821296453 -0.204791799188
0.37774682045 -0.204849973321
0.363737910986 -0.215215697885
0.348283678293 -0.22728985548
0.348166257143 -0.227379843593
0.332434624434 -0.239514797926
0.332191377878 -0.239707365632
0.316477328539 -0.251689463854
0.316086381674 -0.251998901367
0.300338923931 -0.263711094856
0.299804776907 -0.264126896858
0.283971071243 -0.275466650724
0.283295184374 -0.275976479053
0.267291247845 -0.286823123693
0.266471147537 -0.287411540747
0.250202775002 -0.297630727291
0.249232187867 -0.298278540373
0.232590466738 -0.307690471411
0.231455892324 -0.308372348547
0.214357867837 -0.316790819168
0.213041573763 -0.317476987839
0.195505067706 -0.324730843306
0.193997129798 -0.325387567282
0.17607294023 -0.331335425377
0.174369245768 -0.33192589879
0.156148135662 -0.336520254612
0.154248327017 -0.337013304234
0.135859251022 -0.340136319399
0.133770272136 -0.34049269557
0.130897790194 -0.340673148632
0.113395780325 -0.341800004244
0 -0.341800004244
