0.509501874447 0
0.509501874447 -0.000920260557905
0.509501874447 -0.00475126458332
0.509501874447 -0.0103028090671
0.509501874447 -0.0247622635216
0.509501874447 -0.0392522625625
0.508804500103 -0.0511257238686
0.508741080761 -0.0530680790544
0.50848788023 -0.0551805309951
0.507769584656 -0.0600098297
0.507400929928 -0.0621159076691
0.506386041641 -0.0668726339936
0.50589299202 -0.0689567998052
0.504577577114 -0.0735941529274
0.503951132298 -0.0756424814463
0.502334177494 -0.0801143497229
0.501575708389 -0.0821201205254
0.499681293964 -0.0864016488194
0.498799264431 -0.0883616060019
0.496666073799 -0.0924432426691
0.494573265314 -0.0961953774095
0.489735841751 -0.10373980552
0.487269878387 -0.107231974602
0.481899827719 -0.113926634192
0.479132413864 -0.117180757225
0.47338578105 -0.123165138066
0.470379054546 -0.126269772649
0.464344799519 -0.131770387292
0.457786589861 -0.137788444757
0.445105284452 -0.147987931967
0.437829524279 -0.153804942966
0.424488425255 -0.163322106004
0.416719019413 -0.169074565172
0.40300911665 -0.178363665938
0.395030647516 -0.184253498912
0.381301641464 -0.193746045232
0.375931322575 -0.197794690728
0.366871267557 -0.20437912643
0.355119109154 -0.2132371068
0.352445095778 -0.215215697885
0.349535644054 -0.21748881042
0.336843580008 -0.227214291692
0.330806493759 -0.231871157885
0.321239322424 -0.239444926381
0.315298527479 -0.243974819779
0.305553406477 -0.251687794924
0.299684852362 -0.256052553654
0.289724826813 -0.263805776834
0.283905953169 -0.267973124981
0.27369120717 -0.275678128004
0.267889887094 -0.279609978199
0.257357090712 -0.287167042494
0.251538902521 -0.290821790695
0.240612536669 -0.298114597797
0.234738990664 -0.301436454058
0.223321393132 -0.308298200369
0.217366844416 -0.311230033636
0.205371245742 -0.317483156919
0.199347645044 -0.319974780083
0.186766430736 -0.325454175472
0.180696412921 -0.327468425035
0.167552515864 -0.332024037838
0.16147044301 -0.333557605743
0.147819280624 -0.337100505829
0.141772583127 -0.338127404451
0.127706333995 -0.340527057648
0.108364269137 -0.341742128134
0.107465513051 -0.341800004244
0 -0.341800004244
