0.509511232376 0
0.509511232376 -0.00180580781307
0.509501874447 -0.00834213197231
0.509501874447 -0.022137761116
0.509501874447 -0.0359441712499
0.508835434914 -0.0472907759249
0.508606076241 -0.0502788498998
0.507860898972 -0.0552874691784
0.507476508617 -0.0574354715645
0.506417930126 -0.0623956397176
0.505884110928 -0.0644948780537
0.504502475262 -0.0693639889359
0.503823161125 -0.0713907182217
0.502109587193 -0.0761284828186
0.50129109621 -0.0780592933297
0.499260932207 -0.0826466009021
0.498320579529 -0.0844700783491
0.496004849672 -0.088900372386
0.494965851307 -0.0906142070889
0.489596635103 -0.0989826694131
0.487319022417 -0.102068595588
0.481198638678 -0.109696529806
0.478758096695 -0.112373694777
0.472058445215 -0.11935018003
0.469518810511 -0.121699050069
0.462348222733 -0.128235667944
0.459733396769 -0.13035543263
0.444274276495 -0.142781540751
0.438932597637 -0.146595001221
0.422275811434 -0.15847428143
0.416806966066 -0.162008434534
0.399438470602 -0.173775523901
0.393929064274 -0.177250176668
0.376385718584 -0.189379870892
0.370943635702 -0.192968726158
0.359322428703 -0.201414644718
0.355768531561 -0.203941851854
0.3466322124 -0.210732519627
0.340605556965 -0.215215697885
0.335013538599 -0.219665706158
0.325411856174 -0.227065816522
0.313699185848 -0.236333742738
0.310200035572 -0.239211410284
0.298570662737 -0.248411729932
0.294953405857 -0.25141248107
0.283347398043 -0.260443300009
0.279597222805 -0.263524085283
0.267959207296 -0.272299230099
0.264059364796 -0.275421321392
0.252312749624 -0.28384616971
0.248234480619 -0.286963701248
0.236294344068 -0.294930458069
0.232002094388 -0.297987520695
0.219767600298 -0.305337905884
0.215212076902 -0.308251768351
0.202605545521 -0.314821541309
0.197740510106 -0.317503929138
0.184772536159 -0.32315030694
0.179592460394 -0.32552537322
0.166302144527 -0.330130755901
0.160816043615 -0.332125812769
0.14727370441 -0.33564016223
0.141497313976 -0.337193101645
0.127808704972 -0.339528590441
0.121775113046 -0.340564072132
0.110806398094 -0.341258019209
0.102053485811 -0.341800004244
0.0423112288117 -0.341800004244
0 -0.341800004244
