0.50952899456 0
0.509501874447 -0.0189014114439
0.509501874447 -0.0257660653442
0.509501874447 -0.0326360836625
0.509170234203 -0.0382821112871
0.508463680744 -0.0474876388907
0.508355975151 -0.0482114814222
0.507166981697 -0.0548550337553
0.507012546062 -0.0555788576603
0.505353331566 -0.0621032714844
0.505149185658 -0.0628227889538
0.503024160862 -0.0691623836756
0.502766549587 -0.0698746591806
0.500184476376 -0.0759655833244
0.499872028828 -0.0766715332866
0.496874541044 -0.0824839621782
0.496507972479 -0.0831852555275
0.493156552315 -0.0887133106589
0.492280095816 -0.0900793597102
0.484743744135 -0.100290283561
0.483682125807 -0.101613387465
0.475413382053 -0.110683880746
0.47419244051 -0.111955270171
0.465413093567 -0.120075158775
0.464056938887 -0.121311411262
0.454856216908 -0.128770262003
0.451846241951 -0.131189674139
0.432461768389 -0.145028427243
0.429075658321 -0.14744335413
0.408814817667 -0.160536572337
0.40520042181 -0.162985309958
0.384545326233 -0.176011949778
0.380857586861 -0.178561702371
0.360305547714 -0.192115008831
0.357851684093 -0.193898409605
0.344403207302 -0.203461721539
0.342474043369 -0.204895600677
0.328600913286 -0.215215697885
0.31572830677 -0.225459441543
0.313800126314 -0.226945534348
0.31144797802 -0.228806704283
0.299025595188 -0.239022761583
0.29678311944 -0.24079683423
0.284255325794 -0.251189529896
0.282104611397 -0.252863049507
0.269403547049 -0.263296991587
0.267330765724 -0.264859884977
0.254390716553 -0.275219231844
0.252380341291 -0.276661098003
0.239101156592 -0.286812126637
0.237137898803 -0.288122057915
0.223402693868 -0.297904670238
0.221470430493 -0.2990655303
0.207131639123 -0.30823713541
0.205221891403 -0.309232383966
0.190153196454 -0.317540675402
0.188274264336 -0.318358778954
0.172478035092 -0.325601309538
0.170641228557 -0.326237827539
0.154160141945 -0.332231223583
0.152378901839 -0.332693487406
0.135278180242 -0.337290883064
0.133572101593 -0.337581962347
0.115965731442 -0.340603560209
0.114677868783 -0.340685039759
0.0966711193323 -0.341800004244
0 -0.341800004244
