0.50954413414 0
0.509502232075 -0.0292021669447
0.509502768517 -0.0292637590319
0.509501874447 -0.0293249934912
0.509486675262 -0.0295092146844
0.508311152458 -0.0446403250098
0.507652878761 -0.0483179353178
0.506857395172 -0.0522344112396
0.505935311317 -0.0558593645692
0.504832983017 -0.0596765019
0.503646016121 -0.0632164627314
0.502239584923 -0.0668937563896
0.500786840916 -0.0703192427754
0.499083310366 -0.0738169923425
0.497380375862 -0.077117562294
0.49541118741 -0.080420255661
0.493484854698 -0.0835963338614
0.491296499968 -0.08670578897
0.486883044243 -0.0926802381873
0.48202970624 -0.0983347371221
0.477064698935 -0.103778846562
0.471831589937 -0.10873978585
0.466447949409 -0.113718874753
0.460981965065 -0.11812940985
0.455244123936 -0.122781775892
0.44959500432 -0.126823574305
0.437273770571 -0.135617777705
0.42560338974 -0.143126562238
0.412478327751 -0.151607990265
0.400471419096 -0.158791854978
0.38695988059 -0.167313277721
0.374867200851 -0.174581453204
0.361368954182 -0.183483123779
0.349450618029 -0.191166192293
0.340608596802 -0.197453826666
0.332846462727 -0.202926144004
0.31811568141 -0.214085415006
0.316596239805 -0.215215697885
0.315225541592 -0.216306492686
0.302077144384 -0.226860940456
0.294218420982 -0.2333214432
0.287771344185 -0.23888348043
0.2800116539 -0.245318368077
0.273504555225 -0.251021653414
0.26579067111 -0.257356405258
0.259182840586 -0.263127177954
0.251468300819 -0.269301056862
0.244720235467 -0.275075137615
0.236941859126 -0.281019240618
0.22999162972 -0.286719113588
0.222079649568 -0.292352586985
0.214852750301 -0.297879964113
0.206724539399 -0.303077727556
0.199119970202 -0.308269679546
0.190712958574 -0.312904000282
0.182644829154 -0.31759801507
0.173972517252 -0.321573406458
0.165457442403 -0.325677990913
0.156551897526 -0.328915834427
0.147629395127 -0.332343786955
0.13853302598 -0.3347889781
0.129219427705 -0.337406486273
0.120003663003 -0.338988244534
0.110341511667 -0.340652376413
0.092354670167 -0.341737478971
0.0913067534566 -0.341800004244
0.0888028889894 -0.341800004244
0 -0.341800004244
