0.50955927372 0
0.509540975094 -0.0127444872633
0.509594798088 -0.0192426014692
0.509501874447 -0.0257032867521
0.508300840855 -0.0402369089425
0.508129537106 -0.0417513623834
0.506721913815 -0.0486817806959
0.506523191929 -0.0495785214007
0.504566252232 -0.0563551150262
0.504296720028 -0.0572158657014
0.501787960529 -0.063775062561
0.501445531845 -0.0645873770118
0.498385101557 -0.0708703175187
0.497970789671 -0.07162129879
0.494399279356 -0.0776103809476
0.493925750256 -0.0782956257463
0.489911526442 -0.0839988589287
0.489397197962 -0.0846206620336
0.480301201344 -0.0952127799392
0.479232847691 -0.0962653681636
0.46919631958 -0.105778664351
0.468124717474 -0.106649599969
0.457442224026 -0.115270286798
0.456392079592 -0.116013534367
0.445183157921 -0.12403473258
0.444153308868 -0.124693982303
0.42052513361 -0.139895170927
0.418561995029 -0.14105451107
0.393889993429 -0.155816227198
0.391963839531 -0.156909123063
0.366959154606 -0.171938061714
0.36505278945 -0.173052877188
0.340360611677 -0.188970535994
0.338493078947 -0.190163120627
0.322420060635 -0.201494440436
0.32120269537 -0.202358484268
0.311009198427 -0.209964886308
0.304437816143 -0.215215697885
0.299293071032 -0.219607323408
0.290314882994 -0.226794689894
0.27754431963 -0.237809285522
0.276493877172 -0.238768741488
0.263853341341 -0.249845072627
0.262743622065 -0.250880658627
0.250136464834 -0.261888116598
0.248963549733 -0.262985020876
0.236303582788 -0.273815065622
0.235061556101 -0.274958282709
0.222226411104 -0.285481929779
0.220903292298 -0.286652058363
0.207752808928 -0.296707808971
0.206332221627 -0.297878831625
0.192689180374 -0.307191729546
0.191143915057 -0.308320730925
0.176872998476 -0.316622287035
0.175176277757 -0.317665964365
0.160325944424 -0.324823409319
0.158481448889 -0.325758963823
0.143130972981 -0.331655561924
0.14115037024 -0.332458823919
0.125340983272 -0.336901336908
0.123219765723 -0.337524145842
0.107045970857 -0.340309888124
0.104782700539 -0.340701937675
0.102971844375 -0.340805381536
0.0863059982657 -0.341800004244
0.0307212527841 -0.341800004244
0 -0.341800004244
