0.50961047411 0
0.509686887264 -0.00922144483775
0.509501874447 -0.0220815781504
0.508940637112 -0.0288727860898
0.507826089859 -0.0387261025608
0.507377743721 -0.0409337840974
0.506077528 -0.0468000620604
0.505453705788 -0.0489601753652
0.503677248955 -0.0546336174011
0.50287681818 -0.0567263662815
0.500592470169 -0.0621451362967
0.499614149332 -0.0641535073519
0.496797978878 -0.0692581906915
0.495652347803 -0.0711792856455
0.492350369692 -0.0759574025869
0.491056293249 -0.0777959823608
0.487358212471 -0.0822668597102
0.484408348799 -0.0857019051909
0.476173549891 -0.0938150212169
0.472877264023 -0.0969394594431
0.464062213898 -0.104103840888
0.460516989231 -0.106964819133
0.451403051615 -0.113415263593
0.44765484333 -0.116097539663
0.438300520182 -0.12208545953
0.430352777243 -0.127198651433
0.411128878593 -0.138551473618
0.402755737305 -0.143561273813
0.383137226105 -0.154692798853
0.374621093273 -0.159811377525
0.354993700981 -0.17128919065
0.346585392952 -0.176709577441
0.32734143734 -0.188998401165
0.321874886751 -0.192852258682
0.309418320656 -0.201693594456
0.305957406759 -0.204276129603
0.29226654768 -0.215215697885
0.281547963619 -0.224365219474
0.278538733721 -0.226774230599
0.27425840497 -0.230466008186
0.26522859931 -0.238713636994
0.261028409004 -0.242394074798
0.252015531063 -0.25080499053
0.247859999537 -0.254433244467
0.238795205951 -0.262910306454
0.234653666615 -0.266453236341
0.225469142199 -0.274907112122
0.221300303936 -0.278325170279
0.211893320084 -0.286644518375
0.207650855184 -0.289888590574
0.197899162769 -0.297927051783
0.193525642157 -0.300912439823
0.183263808489 -0.30840998888
0.178718313575 -0.311054170132
0.167812719941 -0.317762315273
0.163115441799 -0.320026278496
0.151618376374 -0.32585760951
0.146795719862 -0.327710151672
0.134790703654 -0.332578897476
0.129853755236 -0.333966195583
0.117346599698 -0.33763846755
0.112328097224 -0.338502854109
0.0993618518114 -0.340748906136
0.0889875218272 -0.341341525316
0.0813052356243 -0.341800004244
0 -0.341800004244
