0.509692668915 0
0.509692728519 -0.00496497703716
0.509501874447 -0.0183997601271
0.509245276451 -0.0201887004077
0.507435798645 -0.0355452895164
0.506206929684 -0.0410899147391
0.505554437637 -0.0438774824142
0.503873705864 -0.0492453798652
0.503002643585 -0.0519164428115
0.500837564468 -0.0570523180068
0.499702304602 -0.0595681555569
0.497024327517 -0.0644220709801
0.495586544275 -0.066745467484
0.492430448532 -0.071312084794
0.490713953972 -0.0734411999583
0.4871558249 -0.0777426213026
0.485223054886 -0.0796997025609
0.477202296257 -0.0875987410545
0.472942054272 -0.0910847038031
0.464233994484 -0.098161675036
0.459791362286 -0.101252809167
0.450685113668 -0.107698574662
0.44621193409 -0.110525965691
0.436782598495 -0.116562798619
0.43226391077 -0.119210787117
0.412678927183 -0.130776539445
0.403522849083 -0.135807320476
0.383371412754 -0.147241607308
0.374180346727 -0.152288451791
0.353974163532 -0.16410471499
0.344850182533 -0.169392257929
0.325055807829 -0.182032376528
0.316126465797 -0.187731087208
0.303340435028 -0.196805909276
0.29761376977 -0.20097194612
0.294848710299 -0.203427106142
0.280095279217 -0.215215697885
0.268626779318 -0.225005373359
0.266812294722 -0.226774901152
0.257771492004 -0.235031232238
0.254025101662 -0.238691598177
0.245099157095 -0.24702014029
0.241358622909 -0.250770002604
0.232470631599 -0.259080588818
0.228705316782 -0.262880325317
0.219782993197 -0.271091729403
0.215959772468 -0.274900525808
0.206899911165 -0.282911747694
0.202967181802 -0.286674976349
0.193650141358 -0.294354170561
0.189547240734 -0.298000693321
0.17981761694 -0.305108547211
0.175465866923 -0.308518350124
0.165207028389 -0.314828038216
0.160541176796 -0.317885667086
0.149811848998 -0.323327243328
0.144852563739 -0.325983464718
0.133731514215 -0.330493450165
0.128517523408 -0.332700252533
0.117012277246 -0.336078107357
0.11155063659 -0.337731450796
0.0997150242329 -0.339781582355
0.0940273702145 -0.340783447027
0.0783294513822 -0.341685056686
0.0770673006773 -0.341760993004
0.0763518437743 -0.341800004244
0.070024728775 -0.341800004244
0 -0.341800004244
