0.509623587132 0
0.509623587132 -0.00572099583223
0.509501874447 -0.0142887830734
0.50715649128 -0.0306389406323
0.506969213486 -0.0322279334068
0.506842076778 -0.0328016504645
0.50496339798 -0.0408281683922
0.504789590836 -0.0413832738996
0.50227946043 -0.0490803085268
0.502055943012 -0.0496104843915
0.498779296875 -0.0568717680871
0.498502731323 -0.0573730394244
0.494340598583 -0.0640988722444
0.494012802839 -0.064573161304
0.489022165537 -0.0707634836435
0.488648414612 -0.0712153017521
0.482999175787 -0.0769356489182
0.482143819332 -0.0777780041099
0.46954575181 -0.0880864113569
0.468584835529 -0.088867329061
0.455314785242 -0.0981004908681
0.454279392958 -0.0988333895802
0.440816730261 -0.10734282434
0.439720094204 -0.108044922352
0.426038295031 -0.116062566638
0.423719197512 -0.11743209511
0.395734161139 -0.132808446884
0.393284291029 -0.13419854641
0.365084290504 -0.149683251977
0.362605661154 -0.151132717729
0.33461651206 -0.167353019118
0.332199633121 -0.168896377087
0.304844081402 -0.186354666948
0.303299158812 -0.187451168895
0.285787910223 -0.200190261006
0.277332752943 -0.207697734237
0.267924010754 -0.215215697885
0.260610193014 -0.221458882093
0.255136400461 -0.22679707408
0.254086732864 -0.227755665779
0.242882743478 -0.238702327013
0.241869792342 -0.239647477865
0.230770632625 -0.250774353743
0.229783117771 -0.251697689295
0.218689680099 -0.262892603874
0.217717707157 -0.263787120581
0.206527352333 -0.274935245514
0.20555883646 -0.27579164505
0.194117292762 -0.286740064621
0.193138644099 -0.287546664476
0.181267812848 -0.298097074032
0.180262252688 -0.298831701279
0.167739987373 -0.308643430471
0.166697725654 -0.309284478426
0.153348833323 -0.318032294512
0.152279660106 -0.318574517965
0.13816896081 -0.326132357121
0.137081131339 -0.326573520899
0.122316263616 -0.332822740078
0.121207483113 -0.333148270845
0.105817817152 -0.337806999683
0.104696087539 -0.338001281023
0.0887621119618 -0.340808004141
0.0873082950711 -0.340891510248
0.077332764864 -0.341491639614
0.071678057313 -0.341800004244
0.0216709617525 -0.341800004244
0 -0.341800004244
