0.509554445744 0
0.509554445744 -0.00647701462731
0.509501874447 -0.0101778069511
0.508306264877 -0.0185124967247
0.506938278675 -0.0272047240287
0.506666839123 -0.0289537794888
0.504735887051 -0.0371800735593
0.504488229752 -0.0380311869085
0.501897573471 -0.0459133088589
0.501534819603 -0.0467059761286
0.4981148839 -0.0540990158916
0.497881025076 -0.0544625669718
0.493479669094 -0.0612347833812
0.493211448193 -0.0615726225078
0.487883061171 -0.0677331835032
0.487264573574 -0.0683387443423
0.481201887131 -0.0739792361856
0.480507165194 -0.0745079964399
0.466943651438 -0.0846123173833
0.466225534678 -0.0850748494267
0.451956480742 -0.094207637012
0.450542747974 -0.0950245857239
0.436138987541 -0.103559970856
0.434764206409 -0.10429418087
0.42015683651 -0.112416625023
0.390223264694 -0.1281901896
0.387619554996 -0.129499837756
0.387601971626 -0.129508748651
0.357647895813 -0.145704597235
0.355493575335 -0.146853938699
0.325976133347 -0.164027661085
0.323858648539 -0.165297031403
0.295160800219 -0.183825299144
0.293074965477 -0.1852517277
0.27481469512 -0.198798835278
0.273808687925 -0.199593871832
0.272850900888 -0.200446560979
0.264137983322 -0.20813152194
0.259816765785 -0.211968362331
0.25575274229 -0.215215697885
0.25259360671 -0.217912390828
0.249814227223 -0.220622912049
0.244149491191 -0.226156771183
0.233399406075 -0.237125173211
0.227802693844 -0.242735207081
0.217411920428 -0.254083186388
0.211832657456 -0.259713470936
0.201399430633 -0.271052062511
0.19578525424 -0.276645541191
0.190071940422 -0.282112509012
0.17908769846 -0.292973816395
0.173172190785 -0.298231571913
0.167287006974 -0.303241759539
0.161065042019 -0.30811715126
0.154823645949 -0.312694966793
0.148211166263 -0.317028492689
0.141602545977 -0.321072608232
0.134635448456 -0.324804514647
0.127673059702 -0.328220129013
0.120404168963 -0.331296831369
0.113133274019 -0.334021747112
0.105575785041 -0.3363096416
0.0980644598603 -0.338310420513
0.0902631133795 -0.339684665203
0.0825800672174 -0.34092259407
0.0775982290506 -0.341222316027
0.0670042708516 -0.341800004244
0 -0.341800004244
