0.509507596493 0
0.509507596493 -0.0034071020782
0.509515464306 -0.00468957889825
0.509501874447 -0.00594106363133
0.509399950504 -0.00716487923637
0.506103813648 -0.0284045785666
0.505841076374 -0.0295791272074
0.50284075737 -0.0398902483284
0.502640843391 -0.0404576361179
0.502394616604 -0.0410060659051
0.498021394014 -0.0505614690483
0.497729957104 -0.051086653024
0.494920432568 -0.0554543547332
0.494584858418 -0.0559523515403
0.491354078054 -0.0600216276944
0.490976154804 -0.0604889579117
0.490560591221 -0.0609246790409
0.483046025038 -0.068282417953
0.482123881578 -0.0690575391054
0.473565161228 -0.0755715221167
0.472556114197 -0.0762245431542
0.463385373354 -0.0821313410997
0.462325274944 -0.0827014893293
0.443598181009 -0.093523286283
0.442788630724 -0.0939224213362
0.441971391439 -0.0943073406816
0.423167288303 -0.104349814355
0.421520233154 -0.10509531945
0.419858694077 -0.105819784105
0.381670773029 -0.125028058887
0.380001008511 -0.125705301762
0.379752874374 -0.125823795795
0.379418969154 -0.125935688615
0.376317471266 -0.127397716045
0.372918188572 -0.129145890474
0.369451731443 -0.13096998632
0.368896007538 -0.131252840161
0.3463101089 -0.14330264926
0.339121043682 -0.147287160158
0.332017183304 -0.151540368795
0.310207635164 -0.164614409208
0.303274184465 -0.169097587466
0.28233525157 -0.18341691792
0.275603026152 -0.188189119101
0.265668034554 -0.196040436625
0.259221106768 -0.201212689281
0.249770537019 -0.20962639153
0.246610090137 -0.212407588959
0.24555234611 -0.213334619999
0.245020523667 -0.213798999786
0.243670240045 -0.215215697885
0.24275405705 -0.216250002384
0.242390319705 -0.216600373387
0.241668313742 -0.217306375504
0.239515736699 -0.219433188438
0.22679489851 -0.232412368059
0.222823381424 -0.236795037985
0.210542753339 -0.250206947327
0.20662817359 -0.254650652409
0.202726230025 -0.259109377861
0.190406367183 -0.272498339415
0.186473578215 -0.276940435171
0.18244227767 -0.281287789345
0.169493198395 -0.294091969728
0.165277540684 -0.298265188932
0.158343821764 -0.304168045521
0.153872877359 -0.308059513569
0.146524369717 -0.31344935298
0.141736850142 -0.316948145628
0.133961886168 -0.32170599699
0.128838986158 -0.324694156647
0.12065462023 -0.328709244728
0.115202993155 -0.331087321043
0.106663428247 -0.33428773284
0.100957579911 -0.336033135653
0.0921458303928 -0.338380306959
0.0892291739583 -0.339012682438
0.0802285224199 -0.340462893248
0.0772962421179 -0.340925902128
0.07437543571 -0.341209262609
0.0652678832412 -0.34170588851
0.0624404624104 -0.341800004244
0.0578527823091 -0.341800004244
0 -0.341800004244
