0.509516060352 0
0.509501874447 -0.00130521808751
0.508974611759 -0.00763646746054
0.507051706314 -0.0200273338705
0.505692243576 -0.0261037033051
0.503942608833 -0.032116714865
0.50290864706 -0.0350520163774
0.501634776592 -0.037889238447
0.49908554554 -0.0434591956437
0.497577905655 -0.0461761690676
0.495940506458 -0.0487216860056
0.494204431772 -0.0512980110943
0.492321789265 -0.0536692813039
0.490366667509 -0.0560869649053
0.488216906786 -0.0583411082625
0.483838617802 -0.0626280084252
0.479068100452 -0.0666379779577
0.474082380533 -0.0704325810075
0.468862295151 -0.0738109201193
0.463522225618 -0.077250406146
0.458037883043 -0.0801999643445
0.447140038013 -0.0864975005388
0.442951977253 -0.088562361896
0.438724070787 -0.0905537083745
0.427793473005 -0.0963912680745
0.419272571802 -0.100248031318
0.410676896572 -0.103995963931
0.388519197702 -0.115141138434
0.379880785942 -0.11864477396
0.379752755165 -0.118705920875
0.377908825874 -0.11932387948
0.360780984163 -0.127397790551
0.342008620501 -0.137051954865
0.340650051832 -0.137766852975
0.337997108698 -0.139237061143
0.32083889842 -0.148736149073
0.318467229605 -0.150156095624
0.301596790552 -0.160351827741
0.299459308386 -0.161733776331
0.282957673073 -0.172646656632
0.281008422375 -0.174028307199
0.264975249767 -0.185751020908
0.263199627399 -0.187175482512
0.247928977013 -0.199939742684
0.247078329325 -0.200688302517
0.241606205702 -0.205484226346
0.238854914904 -0.207886621356
0.231869354844 -0.215215697885
0.227129638195 -0.220566526055
0.225247889757 -0.222379162908
0.221512705088 -0.226031571627
0.220944538713 -0.226592943072
0.219895407557 -0.227750703692
0.210563480854 -0.238459795713
0.209518164396 -0.239646434784
0.200338453054 -0.250518798828
0.199284180999 -0.251723498106
0.190124928951 -0.262647777796
0.189049914479 -0.263862073421
0.179806396365 -0.274744927883
0.178686365485 -0.275952756405
0.169177830219 -0.286608189344
0.167987748981 -0.287786304951
0.158017367125 -0.297998666763
0.156735181808 -0.299114704132
0.146116942167 -0.308630913496
0.14472335577 -0.309649378061
0.133305102587 -0.318202704191
0.131792858243 -0.319084793329
0.119539283216 -0.326392829418
0.117913782597 -0.327101886272
0.104848705232 -0.332926660776
0.103140026331 -0.333449363708
0.089424341917 -0.337733209133
0.0885502845049 -0.337922692299
0.0815196335316 -0.339477926493
0.0806410685182 -0.339616626501
0.0735807344317 -0.340756744146
0.0727017298341 -0.340842008591
0.0656989812851 -0.341540545225
0.0648204982281 -0.341580510139
0.0582256652415 -0.341800004244
0.0344919189811 -0.341800004244
0 -0.341800004244
