0.50922447443 0
0.508549273014 -0.00810805521905
0.50799959898 -0.0116500891745
0.505543470383 -0.0226282794029
0.505044460297 -0.0243431814015
0.503176391125 -0.029646396637
0.500874876976 -0.0347724147141
0.500149726868 -0.0363569222391
0.497425854206 -0.041265681386
0.496960580349 -0.0419890210032
0.493824034929 -0.0466436706483
0.493289500475 -0.0473169386387
0.489757180214 -0.0516849718988
0.485873192549 -0.0557575374842
0.484631210566 -0.0569735988975
0.476012319326 -0.0642184242606
0.474599599838 -0.0652936473489
0.465168446302 -0.0713972896338
0.463659077883 -0.0723694711924
0.453750520945 -0.0776984468102
0.450681865215 -0.0794717147946
0.44311529398 -0.0832023099065
0.435476750135 -0.0868000760674
0.43241968751 -0.0884327292442
0.41702491045 -0.0954007506371
0.401495099068 -0.102172143757
0.395367622375 -0.105254217982
0.379760593176 -0.111584246159
0.379752606153 -0.111588045955
0.379618138075 -0.111633114517
0.368419975042 -0.116405561566
0.35659095645 -0.121990069747
0.348405510187 -0.125553622842
0.344472616911 -0.127397850156
0.331767767668 -0.133895143867
0.324555248022 -0.137612253428
0.312633216381 -0.14423327148
0.305068910122 -0.148465096951
0.293879389763 -0.155309319496
0.286316007376 -0.160014092922
0.275802850723 -0.167142108083
0.268365800381 -0.172331988811
0.258449614048 -0.179837569594
0.251224637032 -0.185523614287
0.241973698139 -0.193595275283
0.235136792064 -0.199837103486
0.23268930614 -0.201974228024
0.220068469644 -0.215215697885
0.211505234241 -0.224883064628
0.209835723042 -0.226491242647
0.204273879528 -0.233147010207
0.200174123049 -0.238282889128
0.19468767941 -0.245086491108
0.1906799227 -0.250307679176
0.185171410441 -0.257190823555
0.181178838015 -0.262432664633
0.175567418337 -0.269336313009
0.171527847648 -0.274539798498
0.165691122413 -0.281347006559
0.161517873406 -0.286416381598
0.155325725675 -0.292982518673
0.150924563408 -0.297813355923
0.144249647856 -0.303962796926
0.139525935054 -0.308433234692
0.132265657187 -0.313983380795
0.127147138119 -0.31797337532
0.11929871887 -0.322749614716
0.113801732659 -0.326160907745
0.105398148298 -0.330011337996
0.099558994174 -0.332760214806
0.0906820297241 -0.335615336895
0.0845322310925 -0.337654292583
0.0799553021789 -0.338691979647
0.076780512929 -0.339432120323
0.0721743628383 -0.340192645788
0.0689785778522 -0.340734243393
0.0644039139152 -0.341201156378
0.0612410344183 -0.341532826424
0.0605324059725 -0.34156280756
0.0593539439142 -0.34161350131
0.0586442947388 -0.341645777225
0.0540108717978 -0.341800004244
0.0111310565844 -0.341800004244
0 -0.341800004244
