0.508838415146 0
0.508719205856 -0.0014318524627
0.508397221565 -0.00538197392598
0.506161630154 -0.0153739452362
0.505460619926 -0.0182814113796
0.503761589527 -0.0231044925749
0.503244161606 -0.0245104338974
0.501152873039 -0.0291680675
0.500528991222 -0.0305323414505
0.498055040836 -0.034990798682
0.49732914567 -0.0363062135875
0.494481831789 -0.0405316799879
0.493658334017 -0.0417910180986
0.490452885628 -0.0457548461854
0.489536672831 -0.0469507575035
0.486013174057 -0.0506453514099
0.485010206699 -0.0517701618373
0.477194577456 -0.0583398714662
0.474952071905 -0.0603466555476
0.466409653425 -0.0658752843738
0.463899493217 -0.0675381496549
0.454941511154 -0.072356171906
0.452256321907 -0.0737597346306
0.445422768593 -0.0771296992898
0.443350374699 -0.0780766829848
0.436468482018 -0.0813186988235
0.434365868568 -0.0822103917599
0.420523047447 -0.0884780734777
0.416263729334 -0.0901926532388
0.402353286743 -0.0962589755654
0.398041546345 -0.0979100391269
0.392296850681 -0.100019261241
0.379752546549 -0.105297885835
0.377337306738 -0.10605160892
0.359684765339 -0.113194987178
0.358143746853 -0.113851740956
0.356714963913 -0.114526264369
0.337231904268 -0.123008258641
0.336542963982 -0.123331315815
0.327654153109 -0.127397894859
0.320174813271 -0.131222009659
0.307862430811 -0.13745431602
0.300291419029 -0.141687884927
0.288825362921 -0.148208960891
0.281843394041 -0.152549892664
0.270701259375 -0.15972019732
0.264252126217 -0.164218723774
0.253548383713 -0.172069311142
0.247544914484 -0.1767924577
0.237351492047 -0.185353070498
0.23180064559 -0.190420091152
0.222279563546 -0.199763178825
0.218200609088 -0.204794213176
0.208267584443 -0.215215697885
0.201530769467 -0.222821131349
0.198788806796 -0.226453080773
0.19851963222 -0.226790323853
0.189874768257 -0.238186970353
0.189587503672 -0.238561242819
0.181127160788 -0.250183075666
0.180809363723 -0.250600337982
0.172348812222 -0.262304335833
0.171988874674 -0.262768059969
0.163369119167 -0.27441611886
0.16295324266 -0.274921387434
0.153972819448 -0.286293148994
0.153488233685 -0.286825090647
0.14393492043 -0.297676444054
0.14336951077 -0.298211574554
0.133030429482 -0.308266937733
0.132373705506 -0.308778882027
0.121090278029 -0.31776869297
0.120341591537 -0.318233311176
0.108166985214 -0.325942248106
0.107327379286 -0.32633754611
0.0943600162864 -0.332580029964
0.0934303402901 -0.332888275385
0.079740151763 -0.337545067072
0.0792433619499 -0.337660878897
0.0721645280719 -0.339360445738
0.0716585591435 -0.339446216822
0.0645219907165 -0.34069609642
0.064012825489 -0.34074947238
0.0569328293204 -0.341519922018
0.0547464080155 -0.341612875462
0.0535569377244 -0.341663211584
0.0528773404658 -0.341692447662
0.0524680949748 -0.341711074114
0.0497960746288 -0.341800004244
0 -0.341800004244
