0.50847017765 0
0.508427619934 -0.000521602050867
0.5072889328 -0.00561092467979
0.505421578884 -0.0133560206741
0.504556953907 -0.0158104673028
0.503179490566 -0.0195529609919
0.502115786076 -0.0219220742583
0.50045633316 -0.0255509763956
0.499198526144 -0.0278177671134
0.497268825769 -0.0313145034015
0.495821774006 -0.033461984247
0.493633657694 -0.0368080660701
0.492005079985 -0.0388219691813
0.489571422338 -0.0419985428452
0.487781584263 -0.0438753142953
0.485118031502 -0.0468624010682
0.481148332357 -0.0501992627978
0.475196808577 -0.0555251985788
0.470859736204 -0.0583321303129
0.464207261801 -0.0627391040325
0.459663838148 -0.0651827603579
0.452562630177 -0.0688946098089
0.449101954699 -0.0706012323499
0.443631380796 -0.0731010437012
0.440150827169 -0.0747407004237
0.434611022472 -0.0770900547504
0.427619308233 -0.0802557170391
0.416433423758 -0.0847586020827
0.409423828125 -0.0878154784441
0.39813247323 -0.0921392217278
0.383088469505 -0.0976627543569
0.379752516747 -0.0990665256977
0.378747463226 -0.0993801653385
0.369042932987 -0.102840527892
0.357064604759 -0.107360325754
0.347793519497 -0.111085228622
0.334082782269 -0.116719380021
0.32674369216 -0.119903735816
0.312902599573 -0.126121610403
0.31199875474 -0.126555338502
0.310157060623 -0.127397894859
0.304828196764 -0.130122482777
0.29072162509 -0.137302711606
0.283725976944 -0.141278639436
0.272240549326 -0.147975936532
0.265918523073 -0.152041524649
0.254862576723 -0.159472957253
0.249122440815 -0.163680717349
0.238600596786 -0.171860337257
0.233332663774 -0.176282793283
0.223421826959 -0.185229957104
0.218589931726 -0.189970955253
0.209419175982 -0.199714884162
0.200950309634 -0.210130512714
0.198881849647 -0.212681785226
0.196466699243 -0.215215697885
0.194828689098 -0.217064917088
0.19413253665 -0.217987015843
0.192060694098 -0.220769450068
0.187869235873 -0.226473450661
0.181584149599 -0.235241651535
0.17973613739 -0.238173127174
0.173549994826 -0.247169449925
0.171745941043 -0.250145435333
0.165501907468 -0.25927478075
0.163692489266 -0.262260228395
0.157248556614 -0.271419286728
0.155387312174 -0.274374097586
0.148573309183 -0.283383131027
0.146603867412 -0.286244153976
0.139246329665 -0.294896274805
0.137112393975 -0.29759979248
0.129045575857 -0.305668771267
0.126700773835 -0.308157473803
0.117800317705 -0.315420240164
0.115212954581 -0.317638367414
0.10551699996 -0.323904633522
0.102700531483 -0.325796872377
0.0922847762704 -0.330901235342
0.089265473187 -0.332422971725
0.0781960785389 -0.336267739534
0.0750068798661 -0.3374132514
0.069262072444 -0.338834524155
0.067616648972 -0.339265137911
0.0618141554296 -0.340319871902
0.0601595267653 -0.340643674135
0.0543868467212 -0.341300189495
0.0527499318123 -0.34150364995
0.0494967140257 -0.341639965773
0.0475427433848 -0.341722816229
0.0468978062272 -0.341750234365
0.0465814694762 -0.341763615608
0.0464007332921 -0.341771394014
0.0462918952107 -0.3417763412
0.0455812774599 -0.341800004244
0 -0.341800004244
