0.507415175438 0
0.505382537842 -0.00843063183129
0.505352318287 -0.00851644482464
0.503114879131 -0.014595487155
0.503078699112 -0.014676081948
0.500383675098 -0.0205696094781
0.500341951847 -0.0206447355449
0.497208535671 -0.0263227932155
0.49716168642 -0.026392288506
0.493609011173 -0.0318251177669
0.493557274342 -0.0318890959024
0.489606171846 -0.037046328187
0.489549964666 -0.0371052771807
0.485225856304 -0.0419546365738
0.485102087259 -0.0420586578548
0.475441545248 -0.0507037416101
0.475309848785 -0.0507889688015
0.464515030384 -0.0579400584102
0.464386165142 -0.0580093562603
0.452868938446 -0.0640294849873
0.452781170607 -0.0640727654099
0.443912357092 -0.0681253969669
0.443833172321 -0.068162702024
0.434856176376 -0.071969717741
0.434715598822 -0.0720333680511
0.416603118181 -0.0793245583773
0.416494399309 -0.0793719738722
0.398223370314 -0.0863683968782
0.397902190685 -0.0864863321185
0.379752546549 -0.0932238847017
0.37923514843 -0.0933705717325
0.374745696783 -0.0947172269225
0.362057894468 -0.0992333739996
0.358765780926 -0.100284233689
0.354644685984 -0.101722516119
0.337389737368 -0.108164690435
0.331700712442 -0.110357061028
0.316228061914 -0.11666162312
0.309750378132 -0.119428679347
0.297212868929 -0.125026553869
0.29226064682 -0.127344369888
0.292127370834 -0.127397894859
0.282064020634 -0.132542073727
0.273138493299 -0.137176916003
0.26089438796 -0.144310161471
0.255385875702 -0.147804558277
0.244066432118 -0.155407175422
0.238882273436 -0.159292206168
0.228420451283 -0.167420342565
0.223628282547 -0.171714857221
0.213944792747 -0.180453836918
0.209543526173 -0.185139745474
0.200645416975 -0.194593563676
0.196696057916 -0.199676305056
0.188464209437 -0.20980027318
0.184942021966 -0.215215697885
0.177156299353 -0.226341933012
0.177062422037 -0.226507559419
0.169797584414 -0.238033801317
0.169719651341 -0.238183110952
0.162552654743 -0.25000834465
0.162488803267 -0.250134974718
0.15520991385 -0.262147605419
0.155160337687 -0.262245208025
0.147567808628 -0.274301350117
0.14753331244 -0.274365872145
0.139386564493 -0.286202460527
0.139367446303 -0.286234408617
0.130427956581 -0.297560572624
0.130424723029 -0.29756513238
0.128421097994 -0.299691736698
0.120506450534 -0.308092087507
0.12048330158 -0.30811098218
0.109468489885 -0.317553877831
0.109413795173 -0.317589223385
0.097354285419 -0.325691401958
0.097265869379 -0.325734734535
0.0842648223042 -0.332287311554
0.084142267704 -0.33232986927
0.0703465566039 -0.337285131216
0.0702700167894 -0.337304055691
0.0631402730942 -0.339169979095
0.0630572512746 -0.339185088873
0.0558727346361 -0.340591043234
0.0557831898332 -0.340601235628
0.0486504323781 -0.341487765312
0.0484572425485 -0.341495871544
0.0417241491377 -0.341800004244
0.0341920442879 -0.341800004244
0 -0.341800004244
