0.506164669991 0
0.505348801613 -0.00334027432837
0.503910303116 -0.00724857579917
0.503086447716 -0.00950750987977
0.501355469227 -0.0132929114625
0.50037252903 -0.0154908420518
0.498361647129 -0.0191346500069
0.497226536274 -0.0212629307061
0.494948327541 -0.0247468221933
0.493668317795 -0.0267966091633
0.491135895252 -0.0301020778716
0.489717692137 -0.0320629142225
0.486947059631 -0.0351700857282
0.48539480567 -0.0370256043971
0.479207783937 -0.0425621718168
0.475713282824 -0.0458878129721
0.468809098005 -0.0504614822567
0.464839190245 -0.0532079674304
0.457491725683 -0.0570488199592
0.453199207783 -0.0593253225088
0.44755846262 -0.0619034022093
0.444225847721 -0.0633951574564
0.438531935215 -0.065810598433
0.435140073299 -0.067179441452
0.423692166805 -0.0717898905277
0.416806042194 -0.0743492618203
0.405311435461 -0.0787531733513
0.398328721523 -0.0811497792602
0.387170344591 -0.0848484560847
0.379752635956 -0.0876020714641
0.378423959017 -0.0879787653685
0.366894692183 -0.091437086463
0.362683862448 -0.0929359123111
0.348406910896 -0.0974931940436
0.330534994602 -0.103730589151
0.326927959919 -0.105077274144
0.307648539543 -0.112506948411
0.305674761534 -0.113311193883
0.287089973688 -0.121250025928
0.286589235067 -0.121473602951
0.28537350893 -0.122042618692
0.274881064892 -0.126851350069
0.273765563965 -0.127397865057
0.264858931303 -0.132150247693
0.255396276712 -0.137064009905
0.252435088158 -0.13878916204
0.238450467587 -0.14766047895
0.23584972322 -0.149407252669
0.22286760807 -0.159136071801
0.220560505986 -0.160928532481
0.20866265893 -0.171590834856
0.206577166915 -0.173472926021
0.195695817471 -0.185057953
0.19379337132 -0.187079206109
0.18403455615 -0.199638649821
0.182259514928 -0.201821669936
0.173548072577 -0.215215697885
0.170604154468 -0.219422727823
0.166577428579 -0.226526632905
0.163820505142 -0.23090068996
0.160019084811 -0.238184154034
0.157288625836 -0.242689281702
0.153541535139 -0.250121533871
0.150755628943 -0.254719227552
0.146937012672 -0.262237638235
0.14401564002 -0.266876459122
0.140000969172 -0.27438801527
0.136848524213 -0.278968274593
0.13247333467 -0.286284863949
0.128995478153 -0.290691226721
0.124095670879 -0.297617018223
0.12021369487 -0.3017372787
0.114665202796 -0.308120757341
0.110321030021 -0.311844944954
0.104042716324 -0.317544788122
0.0992510318756 -0.320764034986
0.0922909900546 -0.325641870499
0.0870899036527 -0.328263193369
0.079533174634 -0.332208305597
0.0739803686738 -0.334202796221
0.065936692059 -0.337209671736
0.0630531832576 -0.337964296341
0.05889384076 -0.339114189148
0.0559803768992 -0.339684337378
0.0517922379076 -0.340560287237
0.0488898269832 -0.34092104435
0.0447382628918 -0.341478586197
0.0432692840695 -0.341565161943
0.0380702242255 -0.341800004244
0.0187267549336 -0.341800004244
0 -0.341800004244
