0.504669487476 0
0.503059387207 -0.00441476935521
0.502364337444 -0.00593474227935
0.500363528728 -0.0104086175561
0.499556779861 -0.0118705062196
0.497247248888 -0.016200710088
0.496333867311 -0.0175974462181
0.493730455637 -0.0217665527016
0.492715716362 -0.023091064766
0.489831775427 -0.0270784590393
0.488721907139 -0.0283231399953
0.485565781593 -0.0320958644152
0.483087867498 -0.0343132764101
0.475985914469 -0.0410720668733
0.473223000765 -0.042902354151
0.465163856745 -0.0484778918326
0.462229847908 -0.0500116348267
0.453530162573 -0.0546254552901
0.451284766197 -0.0556516982615
0.444540113211 -0.0586707741022
0.442279577255 -0.0596297234297
0.435424774885 -0.0623960867524
0.430891960859 -0.064221598208
0.417009472847 -0.0693813115358
0.412479609251 -0.0711168274283
0.398434191942 -0.0759374797344
0.386178433895 -0.0799999162555
0.379752725363 -0.082097299397
0.37894693017 -0.0822859704494
0.375733882189 -0.0831147879362
0.373683750629 -0.0836951881647
0.369534522295 -0.0848292261362
0.357757657766 -0.0883340239525
0.35138386488 -0.0902071073651
0.33796313405 -0.0944575369358
0.329418927431 -0.0972272232175
0.316374510527 -0.101726084948
0.306286275387 -0.105395928025
0.295028656721 -0.109693475068
0.284616947174 -0.113956905901
0.275876611471 -0.117664702237
0.264383465052 -0.122956328094
0.259721755981 -0.125092819333
0.255017071962 -0.127397760749
0.242369279265 -0.134146347642
0.237519457936 -0.137005552649
0.226775914431 -0.143813848495
0.221510320902 -0.147593453526
0.211788982153 -0.154873043299
0.206964895129 -0.159067422152
0.198208674788 -0.16691057384
0.193894475698 -0.171542331576
0.185950383544 -0.179998829961
0.182135418057 -0.185043305159
0.175008535385 -0.194217294455
0.171712219715 -0.199638321996
0.164218217134 -0.211467981339
0.162401080132 -0.215215697885
0.161144182086 -0.217920973897
0.156255751848 -0.226543083787
0.151606991887 -0.235452085733
0.15046466887 -0.238175660372
0.145848810673 -0.247333690524
0.144729733467 -0.250097751617
0.139985218644 -0.259442299604
0.13884422183 -0.262224197388
0.133807718754 -0.271650701761
0.132596164942 -0.274410307407
0.12705282867 -0.283682644367
0.125700816512 -0.286338478327
0.119437046349 -0.295193374157
0.117876917124 -0.297669410706
0.110730350018 -0.305892020464
0.108922801912 -0.308146059513
0.100783146918 -0.315536022186
0.0987089425325 -0.317532390356
0.0896320343018 -0.323893934488
0.0873207449913 -0.325596362352
0.0774127542973 -0.33076903224
0.0749029889703 -0.33214750886
0.0643055960536 -0.336108952761
0.0616278871894 -0.337158232927
0.0561302378774 -0.33867803216
0.054739754647 -0.339077353477
0.0491907782853 -0.340237885714
0.0477922335267 -0.340540379286
0.0422740653157 -0.341281414032
0.0408954955637 -0.341472744942
0.0399655476213 -0.34152045846
0.0378652326763 -0.341644227505
0.0344162993133 -0.341800004244
0.0032614658121 -0.341800004244
0 -0.341800004244
