0.502719640732 0
0.500694274902 -0.00452875019982
0.500365972519 -0.00528935994953
0.497658222914 -0.0103661054745
0.497279584408 -0.0111060477793
0.494229197502 -0.0159908160567
0.493802338839 -0.0167069099844
0.490424722433 -0.0213768277317
0.489951610565 -0.0220652334392
0.486256182194 -0.026482604444
0.485737413168 -0.0271372720599
0.477426379919 -0.0350465029478
0.476250916719 -0.0362306013703
0.466834366322 -0.042744781822
0.465481132269 -0.043737180531
0.455344170332 -0.049113035202
0.4538590312 -0.0499412529171
0.446023285389 -0.053448908031
0.444856286049 -0.0539867244661
0.436914116144 -0.0571924000978
0.435714334249 -0.0576784610748
0.419690430164 -0.0636358931661
0.417218714952 -0.0645191445947
0.401081204414 -0.0700603276491
0.398543119431 -0.0708613172174
0.393473982811 -0.0723445564508
0.379752755165 -0.0768232494593
0.376552850008 -0.0775724947453
0.363793164492 -0.0808638781309
0.363354146481 -0.0809881612659
0.349153071642 -0.0848695039749
0.347351253033 -0.0854057297111
0.32831248641 -0.091000713408
0.327466189861 -0.0912687405944
0.315543323755 -0.0951336473227
0.30578187108 -0.0982621982694
0.304883360863 -0.0985736325383
0.284347862005 -0.105975985527
0.281822949648 -0.106975868344
0.265132009983 -0.113763906062
0.261154681444 -0.115560099483
0.246212825179 -0.122405014932
0.240481138229 -0.125333815813
0.236268594861 -0.127397656441
0.231550976634 -0.129914879799
0.219579577446 -0.136972591281
0.217337742448 -0.138393267989
0.204568147659 -0.147559180856
0.202657818794 -0.148989707232
0.191106334329 -0.159033298492
0.189461529255 -0.160506591201
0.179200977087 -0.171522393823
0.177737236023 -0.173080548644
0.168682351708 -0.185053735971
0.167360857129 -0.18675480783
0.159518495202 -0.199652150273
0.158090099692 -0.201906934381
0.15163718164 -0.215215697885
0.147173702717 -0.224822580814
0.146191254258 -0.226555407047
0.145256981254 -0.228345885873
0.141144141555 -0.238151878119
0.140203520656 -0.240018099546
0.136139050126 -0.25005710125
0.135156318545 -0.251992642879
0.130969390273 -0.262200921774
0.129906386137 -0.264190465212
0.125409662724 -0.274432837963
0.124215759337 -0.276429861784
0.119141481817 -0.286397665739
0.117767050862 -0.288340657949
0.111855469644 -0.297722637653
0.110264293849 -0.29955342412
0.103358648717 -0.308164745569
0.101525425911 -0.30982914567
0.0935419052839 -0.317513078451
0.0914774015546 -0.318959981203
0.0825204178691 -0.325557500124
0.0802468433976 -0.326744437218
0.0704597458243 -0.332120060921
0.0680079311132 -0.333036571741
0.057506699115 -0.337151616812
0.0562257356942 -0.337505728006
0.0507575757802 -0.33907610178
0.0494606308639 -0.339347332716
0.0439424067736 -0.340540856123
0.0426478087902 -0.340714722872
0.0371824763715 -0.341473162174
0.0334957130253 -0.341662317514
0.032461181283 -0.341723263264
0.0307623744011 -0.341800004244
0 -0.341800004244
