0.500432550907 0
0.500391542912 -9.49131281232e-05
0.49885866046 -0.00296894973144
0.497335404158 -0.00594574958086
0.495608896017 -0.00871051475406
0.493893921375 -0.0115875713527
0.491982489824 -0.0142303248867
0.490083098412 -0.01699404791
0.487992018461 -0.0194936729968
0.485910385847 -0.0221206098795
0.481207758188 -0.0265958774835
0.476500660181 -0.0313375815749
0.471174001694 -0.0350224561989
0.465783804655 -0.038975391537
0.460053920746 -0.0420140661299
0.454183876514 -0.045287642628
0.449759483337 -0.0472682192922
0.445176243782 -0.0493804253638
0.440695554018 -0.0511889532208
0.436013102531 -0.0530858971179
0.426980525255 -0.056444067508
0.417438775301 -0.0598537921906
0.408355891705 -0.0629726052284
0.398658275604 -0.0660330578685
0.380225419998 -0.0714265480638
0.37975281477 -0.0715654119849
0.379700660706 -0.0715726837516
0.379550248384 -0.0716005265713
0.379013568163 -0.0717213749886
0.369087517262 -0.0740361884236
0.361464619637 -0.0758351758122
0.352931946516 -0.0780146121979
0.344235122204 -0.0801940411329
0.336843967438 -0.0821874812245
0.324475318193 -0.0855531990528
0.316858917475 -0.087762773037
0.301407784224 -0.0924629345536
0.295082122087 -0.0944903120399
0.277858525515 -0.100460059941
0.273578196764 -0.102002978325
0.256580233574 -0.108734309673
0.254315286875 -0.109655447304
0.236135944724 -0.117865376174
0.235368415713 -0.118216983974
0.233641520143 -0.119099400938
0.220111593604 -0.125924214721
0.218734964728 -0.126721724868
0.217666953802 -0.127397626638
0.213949471712 -0.129820793867
0.201879188418 -0.13700722158
0.192781969905 -0.143532544374
0.187943518162 -0.147608026862
0.179902285337 -0.154595822096
0.175654038787 -0.159105613828
0.168608948588 -0.166667446494
0.164952009916 -0.171599179506
0.15875403583 -0.179795518517
0.155726388097 -0.185163751245
0.150320932269 -0.194057658315
0.147815257311 -0.199731037021
0.141314193606 -0.214085146785
0.140942171216 -0.215215697885
0.140551447868 -0.216313585639
0.136482745409 -0.22657752037
0.133827850223 -0.232908859849
0.132152661681 -0.238132685423
0.129506140947 -0.244671434164
0.127852424979 -0.250017255545
0.125097617507 -0.256736516953
0.123371370137 -0.262172311544
0.120376676321 -0.268996357918
0.118463687599 -0.274435311556
0.115041084588 -0.281160980463
0.112783804536 -0.286418795586
0.108750887215 -0.292820632458
0.106002777815 -0.297724425793
0.101249247789 -0.303652852774
0.0979459881783 -0.308132469654
0.0924100875854 -0.313461095095
0.0885297209024 -0.317462146282
0.0822783187032 -0.322067052126
0.0778860971332 -0.325513333082
0.0710141211748 -0.329287976027
0.0661863908172 -0.332106500864
0.058772303164 -0.335011839867
0.0535458996892 -0.337163597345
0.0496703721583 -0.338276535273
0.0469251275063 -0.339089334011
0.0430049970746 -0.339937180281
0.0402287244797 -0.340549647808
0.0363341011107 -0.341090083122
0.0335906371474 -0.341476082802
0.027304764837 -0.341790467501
0.0271188933402 -0.341800004244
0.0269662197679 -0.341800004244
0 -0.341800004244
