0.497793138027 0
0.497391223907 -0.000785451789852
0.496988594532 -0.00143021473195
0.493985503912 -0.00646823132411
0.493540257215 -0.00708382204175
0.490214586258 -0.0119228642434
0.489727824926 -0.0125047415495
0.486083358526 -0.0171039495617
0.48498916626 -0.0181452557445
0.47675037384 -0.0264445617795
0.475513607264 -0.0273001324385
0.466086477041 -0.0342135988176
0.46476367116 -0.0349150970578
0.454508721828 -0.0406340323389
0.453495651484 -0.0410875305533
0.445496201515 -0.0447741299868
0.444476991892 -0.0451855063438
0.436311870813 -0.0484933368862
0.434270620346 -0.0492522418499
0.417658835649 -0.0551884360611
0.415630608797 -0.0558848790824
0.398773431778 -0.061204791069
0.394708484411 -0.0623941980302
0.379752755165 -0.066788457334
0.37810215354 -0.067018546164
0.37334227562 -0.0678995773196
0.360540807247 -0.0707824081182
0.358691096306 -0.0711367726326
0.357335329056 -0.0714134573936
0.342456281185 -0.0748873203993
0.340443015099 -0.0753255188465
0.32629096508 -0.0788376927376
0.322941482067 -0.0796375796199
0.30621278286 -0.0841450095177
0.301437497139 -0.085443302989
0.284340202808 -0.0905971229076
0.278454780579 -0.092466108501
0.262751936913 -0.0978672206402
0.256499767303 -0.100199110806
0.243428230286 -0.105344779789
0.236421644688 -0.108411155641
0.224443092942 -0.113796286285
0.216772168875 -0.117741324008
0.207760199904 -0.122287184
0.202985361218 -0.125053316355
0.199280932546 -0.127397701144
0.186386853456 -0.135802477598
0.184264570475 -0.137066051364
0.182665035129 -0.138213381171
0.171421676874 -0.147683784366
0.170098677278 -0.148833453655
0.16032397747 -0.159209981561
0.159213647246 -0.160401746631
0.150832727551 -0.171704173088
0.149864524603 -0.172984540462
0.142916932702 -0.185303136706
0.142046272755 -0.186735674739
0.136263102293 -0.19982996583
0.135159313679 -0.202267080545
0.130898296833 -0.215215697885
0.127166196704 -0.225702479482
0.126935556531 -0.226604625583
0.123690165579 -0.236728578806
0.123315341771 -0.238119766116
0.120065443218 -0.248629704118
0.119710020721 -0.249982312322
0.116258397698 -0.260856539011
0.115903541446 -0.26214325428
0.112002119422 -0.273241698742
0.111629091203 -0.274427443743
0.106934428215 -0.285367667675
0.106519177556 -0.286419928074
0.10071028769 -0.296788424253
0.100230298936 -0.297701537609
0.0931592956185 -0.307292103767
0.092608243227 -0.308077841997
0.0842130184174 -0.316734969616
0.0835950523615 -0.317398637533
0.073999479413 -0.324928075075
0.0733335465193 -0.325467854738
0.0626896843314 -0.331682324409
0.0619942843914 -0.332098275423
0.0503803491592 -0.336880087852
0.0496607832611 -0.337181955576
0.043535143137 -0.338995635509
0.0431639142334 -0.339107483625
0.0369475409389 -0.340478897095
0.0365808494389 -0.340561240911
0.0304063186049 -0.341429948807
0.030058356002 -0.341479808092
0.0299870632589 -0.341483831406
0.0238211099058 -0.341800004244
0.0184621009976 -0.341800004244
0 -0.341800004244
