0.494846880436 0
0.494108557701 -0.00128190778196
0.491343528032 -0.0053051924333
0.49036309123 -0.00678017083555
0.487333595753 -0.0106032751501
0.486257642508 -0.0120094614103
0.479412198067 -0.0189050100744
0.476977467537 -0.0214675981551
0.469155490398 -0.027203373611
0.466364920139 -0.0293854735792
0.457877248526 -0.03411828354
0.454821318388 -0.0359551943839
0.448217958212 -0.0389982238412
0.445813447237 -0.040184956044
0.4390886724 -0.0429093055427
0.436615407467 -0.0439633801579
0.422976404428 -0.0488378927112
0.417889028788 -0.050660148263
0.404105037451 -0.0550115145743
0.398894131184 -0.0565606094897
0.394665151834 -0.0576299615204
0.379752725363 -0.0620114989579
0.376503676176 -0.0624644085765
0.367134302855 -0.064198628068
0.359762847424 -0.0658586472273
0.348235458136 -0.0680670812726
0.339786350727 -0.0697913393378
0.331933647394 -0.0716247484088
0.32285541296 -0.0736006423831
0.315699309111 -0.0753766149282
0.30348688364 -0.0782930254936
0.295534789562 -0.0804356634617
0.281064808369 -0.0843697339296
0.273572027683 -0.0866283625364
0.258135437965 -0.0915304422379
0.251905471087 -0.0936732962728
0.237166300416 -0.0991705879569
0.232528075576 -0.10099644959
0.217209964991 -0.107700310647
0.21351313591 -0.109362266958
0.197732135653 -0.117478199303
0.195408806205 -0.118650145829
0.187235757709 -0.123384907842
0.180894911289 -0.12739777565
0.175047978759 -0.131208986044
0.167357161641 -0.137185499072
0.159854978323 -0.143503665924
0.15569242835 -0.147880911827
0.149291157722 -0.154675751925
0.145785599947 -0.159441336989
0.140346348286 -0.166776448488
0.137493148446 -0.171937942505
0.132973268628 -0.17995403707
0.130789875984 -0.185517176986
0.126977741718 -0.194154590368
0.125331282616 -0.199970528483
0.121914312243 -0.211994886398
0.120854429901 -0.215215697885
0.120204247534 -0.217042639852
0.119415059686 -0.220129519701
0.11783015728 -0.226650089025
0.115768298507 -0.234307721257
0.114932574332 -0.238160461187
0.11284185946 -0.24612210691
0.111999258399 -0.250002861023
0.109723694623 -0.25825959444
0.108804807067 -0.262134492397
0.106148473918 -0.27058327198
0.105077795684 -0.27438211441
0.101782418787 -0.282737076283
0.100471943617 -0.286343991756
0.0962966382504 -0.294289708138
0.0946645885706 -0.297613710165
0.0894936472178 -0.304988354445
0.0874973684549 -0.307999163866
0.0812784358859 -0.31467884779
0.078901655972 -0.317346632481
0.0717212557793 -0.323167353868
0.0690055266023 -0.325440108776
0.0609754472971 -0.330243706703
0.057970777154 -0.3320761621
0.0491591654718 -0.335773169994
0.0458994731307 -0.337161242962
0.0412380248308 -0.338565886021
0.0395252853632 -0.339091956615
0.0347906909883 -0.340155124664
0.0330614335835 -0.340552568436
0.0283573251218 -0.341226816177
0.0266556181014 -0.341477245092
0.0261850040406 -0.341503828764
0.0249682646245 -0.341572076082
0.0205233246088 -0.341800004244
0.00995798315853 -0.341800004244
0 -0.341800004244
