0.491586714983 0
0.490518957376 -0.00160632980987
0.489052683115 -0.00345674622804
0.486432492733 -0.00688110198826
0.483119606972 -0.0102182431147
0.477194726467 -0.0164542477578
0.473410964012 -0.0192288514227
0.466632962227 -0.0245289001614
0.462531447411 -0.0268159415573
0.455128759146 -0.0312656983733
0.451942056417 -0.0327342264354
0.446129590273 -0.0356029309332
0.442887365818 -0.0369164273143
0.436920940876 -0.0394592434168
0.430350899696 -0.0418073423207
0.418123275042 -0.0461871698499
0.411494731903 -0.0482796877623
0.399017006159 -0.0519890598953
0.388890564442 -0.0545496679842
0.379752665758 -0.0572345405817
0.37490516901 -0.0579102709889
0.36092633009 -0.0604976825416
0.358984857798 -0.0609348900616
0.337779849768 -0.064997382462
0.322237402201 -0.0681692287326
0.321411013603 -0.0683621689677
0.305267810822 -0.0718757733703
0.305107623339 -0.0719155296683
0.301140516996 -0.0728629007936
0.284862548113 -0.0767428874969
0.282367914915 -0.0773890763521
0.262814670801 -0.0826907902956
0.257075667381 -0.0844365283847
0.241067901254 -0.0895049199462
0.233217671514 -0.0923362597823
0.221627801657 -0.0966476723552
0.211561903358 -0.100961342454
0.202569231391 -0.104887992144
0.190549984574 -0.111031144857
0.183958411217 -0.114416226745
0.177413403988 -0.118229918182
0.174840450287 -0.119719438255
0.171850085258 -0.121598884463
0.165946036577 -0.125352427363
0.163105949759 -0.127397805452
0.154037341475 -0.134682536125
0.150641560555 -0.137321397662
0.149503365159 -0.138279959559
0.140157550573 -0.148107796907
0.139247328043 -0.149073988199
0.131429418921 -0.159701913595
0.130685344338 -0.160705327988
0.124330714345 -0.172200977802
0.12371057272 -0.173300817609
0.118824973702 -0.185748949647
0.118275143206 -0.186994731426
0.114558964968 -0.20012177527
0.113741800189 -0.202997371554
0.111485958099 -0.215215697885
0.109415791929 -0.224057808518
0.109145209193 -0.226715609431
0.10732679069 -0.23510274291
0.106966070831 -0.238246187568
0.105087980628 -0.246899932623
0.10467325151 -0.250067740679
0.102563470602 -0.258967876434
0.102033726871 -0.262145042419
0.0994893237948 -0.271175384521
0.0987845137715 -0.274318963289
0.0955609604716 -0.283193796873
0.0946265235543 -0.286224871874
0.0904948413372 -0.29464200139
0.0892778411508 -0.297488033772
0.0841076895595 -0.305287122726
0.0825591981411 -0.307903259993
0.0762809962034 -0.314951181412
0.0743688941002 -0.317292302847
0.0670639201999 -0.323406308889
0.0648137554526 -0.32541307807
0.056597661227 -0.330424100161
0.0540481954813 -0.332046508789
0.0450183674693 -0.335891753435
0.0422099754214 -0.337127000093
0.037436529994 -0.338593244553
0.0359515212476 -0.339065074921
0.0311070028692 -0.340178489685
0.0296010617167 -0.34053722024
0.0247926861048 -0.341244846582
0.0233013387769 -0.341472536325
0.0220989622176 -0.341539204121
0.0206951033324 -0.341618508101
0.0199494678527 -0.341660320759
0.0172255411744 -0.341800004244
0.00145386508666 -0.341800004244
0 -0.341800004244
