0.487944573164 0
0.48680126667 -0.00149423570838
0.486608952284 -0.00174750911538
0.477850705385 -0.0109654841945
0.477411419153 -0.0114349015057
0.467414528131 -0.0192514061928
0.466900140047 -0.0196671038866
0.456017583609 -0.0262079741806
0.455436170101 -0.026573209092
0.446915358305 -0.0307783409953
0.446446299553 -0.0310202557594
0.437720775604 -0.0347388535738
0.437227457762 -0.0349570736289
0.419414609671 -0.0413375683129
0.418358653784 -0.0417210832238
0.400272548199 -0.0470985248685
0.399140238762 -0.0474277511239
0.396858274937 -0.0479944497347
0.383116006851 -0.0514693707228
0.379752635956 -0.0524575859308
0.376875281334 -0.052858684212
0.368538379669 -0.0543553233147
0.358139812946 -0.0562395565212
0.352048307657 -0.057371545583
0.332634717226 -0.0609871856868
0.32735028863 -0.0620027333498
0.312429577112 -0.0649215206504
0.310932487249 -0.0652265846729
0.297349005938 -0.0680491700768
0.294576495886 -0.0686285793781
0.294186025858 -0.0687135308981
0.274262905121 -0.0732590183616
0.270693689585 -0.0741368308663
0.252126097679 -0.0789510607719
0.24528336525 -0.0809260159731
0.230282410979 -0.0854862928391
0.221422865987 -0.0885391160846
0.210756450891 -0.0923821479082
0.199683025479 -0.0969755798578
0.191628471017 -0.100422866642
0.17863586545 -0.106966264546
0.172983601689 -0.109853021801
0.166001871228 -0.113921739161
0.163868531585 -0.115164607763
0.156549289823 -0.119865693152
0.154904544353 -0.120910733938
0.147514373064 -0.126264259219
0.145940393209 -0.127397805452
0.141253530979 -0.131162717938
0.134940117598 -0.137559607625
0.128952682018 -0.143856540322
0.125742673874 -0.148530080914
0.120803870261 -0.155245840549
0.118254184723 -0.160224944353
0.11425998807 -0.1674503088
0.112336039543 -0.172747150064
0.109245464206 -0.180616974831
0.107923194766 -0.186224371195
0.105533085763 -0.194661095738
0.104636602104 -0.200416490436
0.10339217633 -0.209289655089
0.10229806602 -0.215215697885
0.101581722498 -0.218275353312
0.100714489818 -0.226793691516
0.100408375263 -0.228205606341
0.0992440059781 -0.238352417946
0.0989219620824 -0.239836290479
0.0975715145469 -0.250151365995
0.0972023010254 -0.25170892477
0.0954589098692 -0.262164890766
0.0950033441186 -0.26378172636
0.0926558077335 -0.274252176285
0.0920645445585 -0.275880008936
0.0889163166285 -0.28609213233
0.0881417021155 -0.287670195103
0.0840041786432 -0.297346055508
0.0830182805657 -0.298833250999
0.0777155086398 -0.307792127132
0.0765022113919 -0.309154182673
0.0699115768075 -0.317223519087
0.0684836357832 -0.318418651819
0.0606821700931 -0.325376272202
0.0590612068772 -0.326364904642
0.0501775480807 -0.332018196583
0.0483844168484 -0.332781791687
0.0385626368225 -0.337101787329
0.0376113839447 -0.337393969297
0.0324110984802 -0.339046269655
0.0314448587596 -0.339268356562
0.0261620208621 -0.340526789427
0.0252014193684 -0.340668171644
0.0199532974511 -0.341469377279
0.0157220829278 -0.341703981161
0.0152052016929 -0.341733187437
0.0149306692183 -0.341748565435
0.0139277568087 -0.341800004244
0 -0.341800004244
