0.483540087938 0
0.477619618177 -0.00632640207186
0.475595414639 -0.0079091116786
0.467155098915 -0.0147300120443
0.464962929487 -0.0160475894809
0.455743461847 -0.0218392256647
0.454037219286 -0.0226812791079
0.446770995855 -0.0264287982136
0.445030152798 -0.0271706953645
0.437547057867 -0.0304807946086
0.4340043962 -0.0317497551441
0.418607771397 -0.0373417362571
0.41503533721 -0.0384039059281
0.399267554283 -0.0429885983467
0.392108261585 -0.0447665117681
0.379752635956 -0.0478355810046
0.379438340664 -0.0478888303041
0.371396183968 -0.0493917427957
0.366443157196 -0.0502206906676
0.358228892088 -0.0517059490085
0.347129613161 -0.0537171028554
0.341730862856 -0.054699216038
0.321186184883 -0.0584847442806
0.317010372877 -0.0592655800283
0.301359444857 -0.0622576996684
0.300566166639 -0.0624138116837
0.2934012115 -0.0638533309102
0.284179717302 -0.0657282471657
0.282874941826 -0.0660020187497
0.263806551695 -0.0701872482896
0.259192198515 -0.071262255311
0.241578236222 -0.075616016984
0.233649164438 -0.0777610689402
0.219618499279 -0.0818175300956
0.209746778011 -0.0850085988641
0.199975162745 -0.0883757844567
0.187872037292 -0.0931422039866
0.180736631155 -0.0960984304547
0.166736796498 -0.102935239673
0.162015795708 -0.105309978127
0.15458227694 -0.109593011439
0.152886599302 -0.110580988228
0.145143151283 -0.115571320057
0.14393055439 -0.116350136697
0.141545847058 -0.118082538247
0.131535738707 -0.125467136502
0.12935847044 -0.127397805452
0.121988676488 -0.135257557034
0.119459562004 -0.137820109725
0.118608206511 -0.138715475798
0.111550346017 -0.148991197348
0.110880888999 -0.149901524186
0.105301350355 -0.160797402263
0.104773871601 -0.16175159812
0.100562177598 -0.173346877098
0.100149482489 -0.174397736788
0.0972369238734 -0.186749204993
0.0969007611275 -0.18793579936
0.0949057787657 -0.200743511319
0.0943446010351 -0.204744920135
0.0936812758446 -0.211235567927
0.0935792177916 -0.215215697885
0.0934458822012 -0.21936327219
0.0928231477737 -0.226889640093
0.0921311676502 -0.232920587063
0.091994561255 -0.238449588418
0.0911851748824 -0.244632333517
0.0908761098981 -0.250198811293
0.0898211672902 -0.256526023149
0.0892369970679 -0.262133061886
0.0878010541201 -0.268537461758
0.0868396684527 -0.274129956961
0.0848926380277 -0.280445873737
0.0834772735834 -0.285898029804
0.0808935537934 -0.291940927505
0.0789473280311 -0.297123610973
0.0756103172898 -0.302762210369
0.0730316415429 -0.307578057051
0.0688576176763 -0.312689274549
0.0655705481768 -0.317041486502
0.0606026276946 -0.321472555399
0.0566552132368 -0.325245171785
0.0509738847613 -0.328860849142
0.0464367344975 -0.331950128078
0.0401381365955 -0.334720522165
0.0350570492446 -0.337083876133
0.0317189767957 -0.338144510984
0.028996810317 -0.33904081583
0.0256045106798 -0.339848905802
0.0228258874267 -0.340526431799
0.0194520577788 -0.341041505337
0.0166889205575 -0.341469824314
0.0125678898767 -0.341695815325
0.0107973655686 -0.341800004244
0.00887308269739 -0.341800004244
0 -0.341800004244
