0.478841662407 0
0.477782428265 -0.00117178214714
0.473258674145 -0.00482735782862
0.467419743538 -0.00981152709574
0.462498724461 -0.0129027189687
0.456086814404 -0.0171547029167
0.452222913504 -0.0191474687308
0.447120636702 -0.0218605529517
0.443151772022 -0.0236161146313
0.437865436077 -0.0259770322591
0.429728299379 -0.0289323031902
0.41881993413 -0.032865613699
0.410537838936 -0.0352736786008
0.399370282888 -0.0385109037161
0.395561724901 -0.039502851665
0.379752725363 -0.0434297211468
0.378685683012 -0.0436105020344
0.35138335824 -0.0487127527595
0.347996890545 -0.0492795147002
0.336237251759 -0.0514729805291
0.331521302462 -0.0523373037577
0.309923321009 -0.0563781522214
0.306819349527 -0.0569571070373
0.29049244523 -0.0600734725595
0.290372133255 -0.0600967630744
0.289288014174 -0.060310754925
0.273971498013 -0.0633701533079
0.270931631327 -0.0639974996448
0.253546237946 -0.067679233849
0.245664700866 -0.0694499760866
0.231222078204 -0.0728324949741
0.218631535769 -0.0760621726513
0.209124535322 -0.0786375552416
0.193990975618 -0.0832424238324
0.189325898886 -0.0847491398454
0.171062648296 -0.0915529206395
0.169923439622 -0.0920003727078
0.163229316473 -0.0951451435685
0.151069074869 -0.100827947259
0.15016464889 -0.10131970793
0.141897246242 -0.105976134539
0.140372648835 -0.106935277581
0.132924929261 -0.111698433757
0.129908844829 -0.113966934383
0.12052667141 -0.120966486633
0.11860384047 -0.122652687132
0.117589749396 -0.123630382121
0.114221088588 -0.126634418964
0.113360196352 -0.127397805452
0.109635427594 -0.131370216608
0.104800969362 -0.138167336583
0.103524774313 -0.140024572611
0.098259024322 -0.149609640241
0.0972927212715 -0.151496469975
0.093310713768 -0.161588609219
0.0925936698914 -0.163562685251
0.089740537107 -0.174180105329
0.0892331898212 -0.176330834627
0.0873989164829 -0.187458083034
0.0870292782784 -0.189829304814
0.0858698040247 -0.201182469726
0.0857062414289 -0.202782958746
0.0853874310851 -0.215215697885
0.0850609019399 -0.22537329793
0.0851681083441 -0.226985320449
0.0849048942327 -0.237624436617
0.0849502086639 -0.238525763154
0.0843502953649 -0.249325409532
0.0843564122915 -0.250206202269
0.0832122340798 -0.261186808348
0.0831687301397 -0.262049227953
0.0812660753727 -0.273116797209
0.0811621025205 -0.273950815201
0.0783319547772 -0.284853428602
0.0781626403332 -0.28564324975
0.0742370784283 -0.296097934246
0.0739964619279 -0.296832919121
0.0687590688467 -0.306615144014
0.0684353560209 -0.307288110256
0.0617200098932 -0.316180408001
0.061305206269 -0.316782325506
0.0532015189528 -0.324527978897
0.0527042709291 -0.32504722476
0.0433573834598 -0.331411778927
0.04278569296 -0.331838816404
0.0323013141751 -0.336715430021
0.031651455909 -0.337047815323
0.0260349214077 -0.338897109032
0.025680821389 -0.339025765657
0.0199481733143 -0.340423583984
0.0195851977915 -0.340522110462
0.0138782942668 -0.3414067626
0.0135209858418 -0.341469407082
0.0129187731072 -0.341504752636
0.00790075585246 -0.341800004244
0.00136470899452 -0.341800004244
0 -0.341800004244
