0.473235934973 0
0.467694163322 -0.00492523657158
0.463794618845 -0.00751108443365
0.456465095282 -0.0125281708315
0.453376621008 -0.0141704343259
0.447491914034 -0.017316782847
0.444304466248 -0.0187403168529
0.438177317381 -0.0214386787266
0.431639134884 -0.023796197027
0.418989211321 -0.028273075819
0.412366807461 -0.0301926042885
0.399446219206 -0.0339733734727
0.396168142557 -0.0348795466125
0.390625536442 -0.0363231375813
0.37975281477 -0.0390238575637
0.37793302536 -0.0393321737647
0.366753131151 -0.0414214655757
0.337868064642 -0.047149643302
0.326116830111 -0.0494157485664
0.321433603764 -0.0503259897232
0.320264458656 -0.0505543611944
0.296781122684 -0.0550880841911
0.292273104191 -0.0559699647129
0.28035441041 -0.0582864433527
0.273330539465 -0.0596787035465
0.263947278261 -0.061541300267
0.251582562923 -0.0640695467591
0.243486538529 -0.0657483115792
0.225167930126 -0.0697395280004
0.221078455448 -0.0706601962447
0.202346324921 -0.0752077400684
0.198838308454 -0.0760549902916
0.198001563549 -0.0762776881456
0.178863465786 -0.0816596746445
0.173449546099 -0.0833997502923
0.159239128232 -0.0882727280259
0.149772331119 -0.0921997874975
0.140150725842 -0.0964271277189
0.134262263775 -0.0994791910052
0.130886092782 -0.101308576763
0.124376446009 -0.105289511383
0.121857732534 -0.106869526207
0.111622974277 -0.114570245147
0.109475433826 -0.116183459759
0.104205273092 -0.120930023491
0.103523261845 -0.121527887881
0.103087522089 -0.121944509447
0.0978349149227 -0.127397805452
0.0928268507123 -0.135695040226
0.0908359587193 -0.138580128551
0.0897478163242 -0.140559062362
0.0857101082802 -0.150344580412
0.0849117487669 -0.15236710012
0.0820932090282 -0.162533223629
0.0815265029669 -0.164642721415
0.0796817094088 -0.175172418356
0.0793092027307 -0.177434131503
0.0782185867429 -0.188261091709
0.0779711231589 -0.190687179565
0.0774281173944 -0.201681405306
0.0772838145494 -0.209414049983
0.0772552341223 -0.213850721717
0.0773562565446 -0.215215697885
0.0775241702795 -0.217694014311
0.0781464204192 -0.227050319314
0.0780550017953 -0.230745241046
0.078443787992 -0.238479167223
0.078234963119 -0.242238476872
0.0782889723778 -0.250006824732
0.07788977772 -0.253837883472
0.0774932727218 -0.261698007584
0.0768274366856 -0.265571147203
0.0758431181312 -0.273466467857
0.0748489499092 -0.277296304703
0.0731851458549 -0.285057574511
0.0718012303114 -0.288743257523
0.0693638473749 -0.296188563108
0.0675127059221 -0.299646049738
0.0641512647271 -0.306634306908
0.0617731660604 -0.3097833395
0.0573703832924 -0.316172093153
0.0544955767691 -0.318919897079
0.0491224043071 -0.32453083992
0.0458018071949 -0.326791912317
0.0395543314517 -0.331458687782
0.0358271300793 -0.333192318678
0.0287197381258 -0.336827397346
0.0267250332981 -0.337484180927
0.0228669568896 -0.338886022568
0.0208335965872 -0.339381814003
0.0168874748051 -0.340452939272
0.0148653108627 -0.340766429901
0.0109633784741 -0.341450363398
0.00602628523484 -0.341740101576
0.00514932721853 -0.341799139977
0.0050693214871 -0.341800004244
0 -0.341800004244
