0.468001335859 0
0.467949837446 -4.87089346279e-05
0.458750575781 -0.00653435848653
0.456834971905 -0.00791401602328
0.449404895306 -0.0119056086987
0.447843700647 -0.012754322961
0.440094947815 -0.0161213446409
0.438452154398 -0.0168384741992
0.437326699495 -0.0172606483102
0.419687777758 -0.0234027542174
0.419108211994 -0.0235769283026
0.402994394302 -0.0283487867564
0.399496734142 -0.029393164441
0.397730916739 -0.029866123572
0.391722351313 -0.0315240472555
0.388715565205 -0.0323552303016
0.38568931818 -0.0331434197724
0.379752904177 -0.0346179977059
0.378434568644 -0.0348413549364
0.370801061392 -0.0364563502371
0.363070249557 -0.0380282886326
0.327819406986 -0.0452506989241
0.321141541004 -0.0465752594173
0.311408907175 -0.0484957545996
0.295163184404 -0.0516847223043
0.286777615547 -0.0533187836409
0.272297739983 -0.0561682954431
0.270360857248 -0.0565458796918
0.260167181492 -0.0585761852562
0.253996372223 -0.0597689300776
0.235993042588 -0.0633358061314
0.233436629176 -0.0638457983732
0.230493098497 -0.0644736737013
0.210958078504 -0.0685547813773
0.205568939447 -0.0697597935796
0.188606709242 -0.0736297369003
0.181614562869 -0.0753199383616
0.168464720249 -0.0787536501884
0.159644067287 -0.0811938196421
0.148603454232 -0.0846850723028
0.138186812401 -0.0883019715548
0.12921346724 -0.0919720977545
0.123571105301 -0.0944479629397
0.119789145887 -0.0963942706585
0.113952130079 -0.0995323434472
0.1106216833 -0.101555041969
0.102156318724 -0.107639089227
0.0981566980481 -0.110631160438
0.0940033122897 -0.114570148289
0.0922598168254 -0.116134628654
0.0881773382425 -0.120832905173
0.0843327045441 -0.125407472253
0.0832064822316 -0.126928970218
0.0829272717237 -0.127397805452
0.0805880874395 -0.132576212287
0.0774705857038 -0.139012649655
0.0765746161342 -0.141182348132
0.0737734287977 -0.151120901108
0.073156632483 -0.153344765306
0.071485683322 -0.163529425859
0.0710827857256 -0.165830373764
0.0702012330294 -0.176204323769
0.0699592828751 -0.178609296679
0.0695629119873 -0.189073503017
0.069439150393 -0.191585451365
0.0695004239678 -0.202163591981
0.0694877579808 -0.204130142927
0.0703082084656 -0.215215697885
0.0708871409297 -0.223760351539
0.0717421770096 -0.230131939054
0.0721530094743 -0.238317161798
0.072210393846 -0.246575906873
0.072474218905 -0.249762266874
0.072050742805 -0.258151531219
0.0720609351993 -0.261330485344
0.0710048079491 -0.269798487425
0.0703891515732 -0.274737745523
0.0685968548059 -0.283096283674
0.0672589316964 -0.287877708673
0.0646239593625 -0.295926362276
0.060973841697 -0.303515195847
0.0599759481847 -0.305763065815
0.058698233217 -0.307866930962
0.0539069101214 -0.314819663763
0.0523713193834 -0.316742032766
0.0465092547238 -0.32286375761
0.04475319013 -0.32457703352
0.0379253067076 -0.329677551985
0.0357127897441 -0.331337958574
0.0279441606253 -0.335310935974
0.0255190245807 -0.336664021015
0.0213074609637 -0.338194131851
0.0187049265951 -0.339181691408
0.0144012635574 -0.340349942446
0.0101489704102 -0.341095268726
0.00879440736026 -0.341396003962
0.00741264829412 -0.341533154249
0.00357835553586 -0.341791272163
0.00276781641878 -0.341800004244
0 -0.341800004244
