0.461325228214 0
0.458002537489 -0.0023930973839
0.450799226761 -0.00649254675955
0.448030173779 -0.00799784995615
0.445136159658 -0.00926111452281
0.429753601551 -0.0155591489747
0.427772581577 -0.0163022615016
0.424800843 -0.0173370614648
0.423793792725 -0.0176397152245
0.407928526402 -0.0225647911429
0.401896238327 -0.0243660267442
0.385823428631 -0.0285968966782
0.38278183341 -0.0294115599245
0.381769537926 -0.0296908803284
0.381262987852 -0.0298309158534
0.380753129721 -0.0299637075514
0.379752963781 -0.0302121378481
0.379530876875 -0.0302497688681
0.378105342388 -0.0305513590574
0.374081104994 -0.031435392797
0.357863336802 -0.0349041745067
0.346548050642 -0.0372235551476
0.327359974384 -0.041053161025
0.308141946793 -0.0447297357023
0.304111033678 -0.0455126538873
0.299453049898 -0.0464066267014
0.297002613544 -0.046877052635
0.247923776507 -0.0561999566853
0.245033562183 -0.0567585974932
0.242000430822 -0.0573595315218
0.223103806376 -0.0611293464899
0.201345577836 -0.0657704770565
0.200652047992 -0.0659153684974
0.194320112467 -0.067331187427
0.180647209287 -0.0702425613999
0.170551195741 -0.0725332647562
0.155873447657 -0.0759306922555
0.147737830877 -0.0780971199274
0.128312900662 -0.0837193131447
0.121053472161 -0.0861638039351
0.109782770276 -0.0907417312264
0.106686785817 -0.0920836776495
0.104094177485 -0.0934660807252
0.0983873233199 -0.0964714512229
0.0929637774825 -0.0999675020576
0.0896083265543 -0.102355420589
0.0844138711691 -0.106525488198
0.0829478949308 -0.107907257974
0.078258395195 -0.112716168165
0.0768962651491 -0.114273488522
0.0729138180614 -0.119731299579
0.0720159560442 -0.120937094092
0.0703540593386 -0.123910956085
0.0689495280385 -0.127039343119
0.0687360540032 -0.127397805452
0.0676826089621 -0.129729881883
0.0649463310838 -0.138167709112
0.0642631724477 -0.140590295196
0.0626346841455 -0.149316310883
0.0622282363474 -0.151793122292
0.0620133690536 -0.15432497859
0.0610636211932 -0.172045439482
0.0609668157995 -0.174612209201
0.0614901408553 -0.192348092794
0.0615053847432 -0.194959148765
0.063067689538 -0.212615191936
0.0632601603866 -0.215215697885
0.0633576959372 -0.216655269265
0.066040083766 -0.236643880606
0.0661092996597 -0.23802292347
0.0661189630628 -0.239414349198
0.0669511854649 -0.24946552515
0.0668798387051 -0.250878930092
0.0669121071696 -0.260944008827
0.0667341724038 -0.262370675802
0.0647757798433 -0.278082311153
0.0644738152623 -0.279490560293
0.0601986460388 -0.294769018888
0.0597547106445 -0.296125024557
0.0591397471726 -0.29740357399
0.0559326671064 -0.304627895355
0.051826287061 -0.311389386654
0.0510190539062 -0.312560766935
0.046072602272 -0.318753123283
0.0450849682093 -0.319784522057
0.0394176840782 -0.325313746929
0.0382673330605 -0.326173067093
0.0311206541955 -0.33153629303
0.0298118069768 -0.332205682993
0.0219885539263 -0.33657053113
0.0212789960206 -0.336828321218
0.0128973834217 -0.340008884668
0.0121723087505 -0.340205699205
0.0114558888599 -0.340331286192
0.0070983748883 -0.341298699379
0.00265337154269 -0.34173989296
0.00200738408603 -0.34178340435
0.000466311554192 -0.341800004244
0 -0.341800004244
