0.453256815672 0
0.451564520597 -0.000963084341493
0.44472938776 -0.00480658793822
0.430876255035 -0.0104784294963
0.423614412546 -0.0134353945032
0.4093362391 -0.0178677868098
0.401831030846 -0.020148884505
0.387371748686 -0.0239550191909
0.379752993584 -0.0258334446698
0.374934613705 -0.0268829315901
0.364771813154 -0.0290566328913
0.359919428825 -0.0300834346563
0.355104446411 -0.0310719683766
0.350328862667 -0.032027348876
0.340899795294 -0.033857960254
0.330358207226 -0.0359618775547
0.320955097675 -0.0377354212105
0.311718702316 -0.0394448153675
0.300884395838 -0.0415175147355
0.282766461372 -0.0448166318238
0.26173210144 -0.0488122701645
0.225713714957 -0.0556939691305
0.21226131916 -0.058200340718
0.188072562218 -0.0625608488917
0.176499500871 -0.0645471438766
0.164952635765 -0.0668967589736
0.158773005009 -0.0681461542845
0.147605672479 -0.0707254782319
0.14121247828 -0.0722220689058
0.130409821868 -0.0750609859824
0.123804211617 -0.076822258532
0.118570707738 -0.0783878564835
0.115203000605 -0.0794130414724
0.110109314322 -0.0811048969626
0.106703981757 -0.0822614729404
0.101781651378 -0.0841099619865
0.0983517318964 -0.0854359120131
0.0936687141657 -0.0875162705779
0.0902656018734 -0.0890859141946
0.085886195302 -0.0914840996265
0.0825830847025 -0.0933813303709
0.078557126224 -0.0961862653494
0.0754401907325 -0.0984917134047
0.0718121156096 -0.101775340736
0.0689741224051 -0.104538016021
0.0658071562648 -0.10827947408
0.0633345916867 -0.111449673772
0.0607106275856 -0.115599319339
0.0586764924228 -0.119108632207
0.0575969368219 -0.121318459511
0.0567646101117 -0.123181715608
0.0563301518559 -0.124468334019
0.0561031065881 -0.125215649605
0.0552551709116 -0.127397805452
0.0542344227433 -0.130545467138
0.0525556989014 -0.1392429322
0.0520876757801 -0.141750782728
0.0514096021652 -0.151453182101
0.0511327795684 -0.156618207693
0.0513986833394 -0.166390165687
0.051831100136 -0.171256020665
0.0520883761346 -0.17366759479
0.052353233099 -0.176057815552
0.0525103099644 -0.181381270289
0.0527720861137 -0.183756574988
0.0530342459679 -0.186111330986
0.0535891242325 -0.190801233053
0.0542176477611 -0.195514246821
0.0546881780028 -0.200831845403
0.0550257526338 -0.203208401799
0.0553732514381 -0.20559874177
0.0557276755571 -0.208001896739
0.0560909211636 -0.21041110158
0.0569825880229 -0.215215697885
0.0583881884813 -0.223804786801
0.0587952360511 -0.226631596684
0.0595275834203 -0.232195526361
0.0603535883129 -0.237883597612
0.0608552806079 -0.243542104959
0.0614600107074 -0.249229773879
0.0615879558027 -0.254977434874
0.0618069469929 -0.260631203651
0.0614071637392 -0.266419142485
0.0610765218735 -0.271973252296
0.0600834935904 -0.277725487947
0.0591721199453 -0.283131301403
0.0575362108648 -0.288752287626
0.0560300499201 -0.293961256742
0.0549444071949 -0.296684712172
0.0539492070675 -0.299188137054
0.0526694245636 -0.301831483841
0.0514997988939 -0.30425158143
0.0500162616372 -0.306798934937
0.0486670546234 -0.309121966362
0.0469817109406 -0.311554253101
0.0454635433853 -0.313765376806
0.0435813516378 -0.316062182188
0.0419085584581 -0.318146795034
0.0398347787559 -0.320287138224
0.0380213260651 -0.322230905294
0.0357613824308 -0.324195206165
0.033818539232 -0.325984805822
0.0313775204122 -0.327759891748
0.0293070394546 -0.329384297132
0.0266904756427 -0.330958724022
0.0244913734496 -0.332407623529
0.021705608815 -0.333769917488
0.019376302138 -0.335033088923
0.0164623167366 -0.336177915335
0.01402915176 -0.337249428034
0.0111618461087 -0.338196396828
0.00876600109041 -0.339087605476
0.00614766404033 -0.339863330126
0.00396384112537 -0.340588212013
0.00321209314279 -0.340887218714
0 -0.341875433922
