0.433971703053 0
0.432459443808 -0.00061578390887
0.420073211193 -0.00583456968889
0.412916302681 -0.0080097662285
0.400075376034 -0.0120009928942
0.39124494791 -0.0141571927816
0.379752993584 -0.0169641692191
0.373717546463 -0.0182883776724
0.368655383587 -0.0193991940469
0.36270493269 -0.0206274054945
0.357563018799 -0.0217009559274
0.35170507431 -0.0228503458202
0.346485376358 -0.0238957200199
0.340724170208 -0.0249758139253
0.335427939892 -0.0259997043759
0.32418346405 -0.0279900208116
0.3133880198 -0.0299961920828
0.302553623915 -0.0318246819079
0.291470855474 -0.0338213257492
0.281064629555 -0.0355596207082
0.269696384668 -0.0375705398619
0.239920243621 -0.0425644889474
0.226893886924 -0.0448166318238
0.188072055578 -0.0511519238353
0.16199709475 -0.0552461408079
0.137706100941 -0.0594848543406
0.129573315382 -0.0609113238752
0.117831774056 -0.0631370171905
0.113366901875 -0.0640063136816
0.102101303637 -0.0665937960148
0.0973620191216 -0.067741855979
0.0867171213031 -0.0709999799728
0.0818400979042 -0.0726437866688
0.0767970532179 -0.074570313096
0.074374563992 -0.07561699301
0.0695653930306 -0.0777495056391
0.0671735703945 -0.0789704397321
0.0626383796334 -0.0813240334392
0.0603025630116 -0.0827434882522
0.0561101920903 -0.0853729769588
0.053877606988 -0.0870336145163
0.0500933974981 -0.0900039076805
0.0480244532228 -0.0919508039951
0.0447029992938 -0.0953298285604
0.0428650937974 -0.0976027548313
0.0400510504842 -0.101446576416
0.0385060124099 -0.104059688747
0.0362312048674 -0.108357794583
0.0350060984492 -0.111248835921
0.033307492733 -0.115976661444
0.0324142239988 -0.119063131511
0.0317954309285 -0.121579401195
0.0314748547971 -0.123171836138
0.0313920453191 -0.124243535101
0.0309679750353 -0.127397805452
0.0302675012499 -0.13697245717
0.0302904527634 -0.139942243695
0.0307846665382 -0.14963953197
0.0311091281474 -0.152727514505
0.0325280763209 -0.162620618939
0.0330775231123 -0.165558710694
0.0340924859047 -0.170590370893
0.0344353467226 -0.172016128898
0.0349878706038 -0.174515455961
0.0351664759219 -0.175204411149
0.0357304215431 -0.177665278316
0.0359082520008 -0.178330123425
0.0364719070494 -0.180736154318
0.0366467833519 -0.181376159191
0.0372105464339 -0.183739379048
0.0373842976987 -0.184362977743
0.038526698947 -0.189043357968
0.0388805828989 -0.190278679132
0.0400602668524 -0.195024058223
0.0404312685132 -0.196284666657
0.041031550616 -0.198703736067
0.0412222035229 -0.199348598719
0.0418260842562 -0.201806932688
0.0420182645321 -0.202460899949
0.0426235347986 -0.204961508512
0.0428156331182 -0.205622673035
0.0434217900038 -0.208154454827
0.0436119697988 -0.208816960454
0.0439141914248 -0.209806829691
0.045290350914 -0.215215697885
0.0473875664175 -0.224873885512
0.047812461853 -0.226456686854
0.0493652969599 -0.23455299437
0.0499911345541 -0.237534105778
0.0511805340648 -0.245822146535
0.0516194589436 -0.248611986637
0.0522502101958 -0.257064670324
0.0524783506989 -0.259669721127
0.0523295551538 -0.268207937479
0.0523240752518 -0.270624518394
0.0511939227581 -0.279109179974
0.0509368218482 -0.281332939863
0.0486600697041 -0.289606720209
0.0481399185956 -0.291643589735
0.0465559959412 -0.295657008886
0.0461998693645 -0.296612143517
0.044314622879 -0.300529778004
0.0438987277448 -0.301438003778
0.0417126454413 -0.305245637894
0.0412409752607 -0.306104332209
0.0387699604034 -0.309777885675
0.038249630481 -0.310581803322
0.03551370278 -0.314094126225
0.0349524468184 -0.314837932587
0.0319720171392 -0.318161308765
0.0313773304224 -0.318840414286
0.0281780064106 -0.321950823069
0.0275585725904 -0.322562366724
0.0241855252534 -0.325453937054
0.02355539985 -0.325999110937
0.0200587064028 -0.32867076993
0.0194330811501 -0.329151540995
0.0158628690988 -0.331602245569
0.0152566516772 -0.332020372152
0.0116729559377 -0.334245920181
0.0111017031595 -0.334602624178
0.00760419620201 -0.336584925652
0.00708705186844 -0.336879312992
0.00378743652254 -0.338595986366
0.00334280426614 -0.338827461004
0.00284747919068 -0.339077800512
0 -0.340423971415
