0.422666966915 0
0.420243382454 -0.00104362075217
0.41194447875 -0.00362303387374
0.400172650814 -0.00738258240744
0.388676375151 -0.0102182878181
0.379752993584 -0.0124587379396
0.37038937211 -0.0145345628262
0.366370052099 -0.0154165979475
0.355995863676 -0.0175395999104
0.352967381477 -0.0181647539139
0.342690646648 -0.0201429910958
0.339560598135 -0.0207572951913
0.329390257597 -0.0226134583354
0.326157748699 -0.0232197660953
0.306174516678 -0.0266364011914
0.29938352108 -0.0278398562223
0.279877096415 -0.0310022346675
0.272684574127 -0.0322180911899
0.253692746162 -0.0352491624653
0.246097624302 -0.0365205071867
0.223228901625 -0.0401964485645
0.193298488855 -0.0448166318238
0.142807096243 -0.0523836202919
0.133762270212 -0.0537472032011
0.13160315156 -0.0541261136532
0.103995449841 -0.0588499307632
0.103346206248 -0.0589762181044
0.0892495438457 -0.0619879439473
0.0888511836529 -0.0620844066143
0.0747786909342 -0.0659846439958
0.0746154338121 -0.0660396665335
0.0626597031951 -0.0706286132336
0.060878701508 -0.0713129192591
0.0608577765524 -0.0713219419122
0.0543165877461 -0.0745711401105
0.0542688183486 -0.0745981261134
0.0481122843921 -0.0782654136419
0.0480292625725 -0.0783242583275
0.0423384606838 -0.0824401527643
0.0422244630754 -0.0825440511107
0.0370924137533 -0.0871614739299
0.0369577519596 -0.0873189866543
0.0324716791511 -0.0924989879131
0.032331302762 -0.0927102938294
0.0285708829761 -0.0985196754336
0.0284414552152 -0.0987749397755
0.0254600644112 -0.105234354734
0.0253555607051 -0.105514071882
0.0231147650629 -0.112427122891
0.0230409037322 -0.112711712718
0.0214870460331 -0.119817093015
0.0214441530406 -0.120097577572
0.0209092572331 -0.123637728393
0.0208609849215 -0.124130681157
0.0205944702029 -0.127397805452
0.0206374675035 -0.131887793541
0.0210971999913 -0.140100225806
0.0217622239143 -0.146456345916
0.0226766820997 -0.152983099222
0.0238992329687 -0.159532263875
0.02525575459 -0.165889784694
0.0260646678507 -0.16926074028
0.026888044551 -0.172402635217
0.027322307229 -0.174080744386
0.0277514476329 -0.175605043769
0.0281914193183 -0.177251681685
0.0286214705557 -0.178722769022
0.0290583129972 -0.180322065949
0.0294843800366 -0.181732058525
0.0299192909151 -0.183292761445
0.0303456820548 -0.184660375118
0.0312265139073 -0.187734514475
0.0321038216352 -0.190435215831
0.033021364361 -0.193552687764
0.0339568965137 -0.196326851845
0.0344283021986 -0.197921514511
0.0349161215127 -0.199352711439
0.0353942550719 -0.200980201364
0.0358917191625 -0.202442452312
0.036374989897 -0.204106524587
0.0368779525161 -0.205597534776
0.0373637340963 -0.207290709019
0.0378636568785 -0.208796620369
0.0393493399024 -0.213950619102
0.0398033335805 -0.215215697885
0.0400863997638 -0.216197997332
0.0401681922376 -0.216543644667
0.0403398647904 -0.217224612832
0.0408652536571 -0.219204351306
0.0427209287882 -0.226053833961
0.0444160327315 -0.233426868916
0.0452046059072 -0.236719459295
0.0465592928231 -0.24452444911
0.0470683723688 -0.247333243489
0.0479003153741 -0.25553265214
0.048153873533 -0.257890462875
0.0482580848038 -0.266408294439
0.0482928603888 -0.268341064453
0.047454148531 -0.277037620544
0.0473174415529 -0.278582841158
0.045333456248 -0.287286013365
0.045073017478 -0.288496464491
0.0436117276549 -0.292776405811
0.0434443019331 -0.293291270733
0.0416448935866 -0.297516047955
0.0414647050202 -0.297957450151
0.0393144711852 -0.302108407021
0.0391305424273 -0.302476704121
0.0366390496492 -0.306523442268
0.0364628620446 -0.306818813086
0.0336461775005 -0.310726493597
0.0334890447557 -0.310950517654
0.0303642656654 -0.314682722092
0.0302365981042 -0.314838737249
0.0268246382475 -0.318360626698
0.0267359670252 -0.31845381856
0.0230696704239 -0.321744501591
0.0230291858315 -0.321781247854
0.0202320721 -0.323971748352
0.0191616285592 -0.324808895588
0.0191529914737 -0.324814885855
0.015179139562 -0.327523738146
0.015137928538 -0.327549487352
0.0111430091783 -0.329921275377
0.0110693480819 -0.329963326454
0.00717607606202 -0.332003742456
0.00707157002762 -0.332058429718
0.00341599923559 -0.333775579929
0.00306462659501 -0.333945959806
0.00134360406082 -0.334641754627
0 -0.335066616535
