0.392330288887 0
0.385843485594 -0.00167308782693
0.379752993584 -0.003287559608
0.367790073156 -0.00591141637415
0.35632121563 -0.00841479934752
0.34091925621 -0.0113872317597
0.332721233368 -0.0129499956965
0.317479729652 -0.0156145142391
0.309004873037 -0.0170701406896
0.293944120407 -0.019514804706
0.285197794437 -0.0208961870521
0.255716353655 -0.0253354962915
0.237374335527 -0.0279812701046
0.208707183599 -0.0319955013692
0.189308047295 -0.0345546491444
0.17064961791 -0.0369854494929
0.157104954123 -0.0386867709458
0.138889148831 -0.0410714633763
0.124775327742 -0.0429447330534
0.115979999304 -0.0442068204284
0.111738562584 -0.0448173582554
0.107866249979 -0.0453612990677
0.102419108152 -0.0461865924299
0.0994677245617 -0.0466636754572
0.091011762619 -0.0481134876609
0.0883977860212 -0.0485968217254
0.0816905423999 -0.0499516949058
0.0794694796205 -0.0504231639206
0.0743589475751 -0.0516386404634
0.0720281675458 -0.0522097833455
0.0671594962478 -0.0535740926862
0.0639651194215 -0.0545177683234
0.0579674243927 -0.0565838627517
0.0563082620502 -0.0571638979018
0.053509131074 -0.058323983103
0.0518281459808 -0.0589861087501
0.04916203022 -0.0602411441505
0.0474691614509 -0.0609953217208
0.0449421852827 -0.0623497627676
0.0432487353683 -0.0632062628865
0.0408665016294 -0.0646634325385
0.0391851812601 -0.0656327456236
0.0369525663555 -0.0671948716044
0.0352975353599 -0.0682874023914
0.0332187227905 -0.0699555724859
0.0313801839948 -0.0713672339916
0.029196228832 -0.0734039917588
0.0277227666229 -0.0747236609459
0.0260632839054 -0.076524451375
0.0246599521488 -0.0779803991318
0.0231469757855 -0.0798732563853
0.0218287166208 -0.0814695134759
0.0204627476633 -0.0834506675601
0.0192438364029 -0.0851884484291
0.0180244669318 -0.0872528329492
0.0165095608681 -0.0899176821113
0.0150447823107 -0.0929369628429
0.013775956817 -0.0958588570356
0.0125875007361 -0.0990077257156
0.0118404692039 -0.101237982512
0.0111537287012 -0.103552624583
0.0105412509292 -0.105886764824
0.00998207647353 -0.108246564865
0.00938170403242 -0.111411325634
0.00883227679878 -0.114532589912
0.00843789521605 -0.117813684046
0.00807036459446 -0.120978340507
0.00791142694652 -0.123444855213
0.00785258319229 -0.124497771263
0.00770592037588 -0.127397805452
0.00814226921648 -0.140390783548
0.00814733374864 -0.140524402261
0.0087203849107 -0.145838484168
0.00957398116589 -0.153711289167
0.00958566553891 -0.153764218092
0.012141215615 -0.166826695204
0.0121634174138 -0.166906580329
0.0137784760445 -0.173470631242
0.0137959253043 -0.17352847755
0.014725827612 -0.176700666547
0.0147458538413 -0.176763683558
0.0157915372401 -0.179787129164
0.0158127807081 -0.179850548506
0.0169873759151 -0.182690307498
0.0170084275305 -0.182750165462
0.0182741694152 -0.185457840562
0.0183142814785 -0.185565456748
0.0209105815738 -0.190863981843
0.0209419429302 -0.190944686532
0.0233817249537 -0.196482822299
0.023392662406 -0.196510985494
0.0245853848755 -0.19942484796
0.0245953258127 -0.199450880289
0.0258064977825 -0.202467188239
0.0258170906454 -0.202495619655
0.0270635206252 -0.205608904362
0.0270767230541 -0.20564506948
0.0283331181854 -0.208812385798
0.0284376163036 -0.209098547697
0.0309402849525 -0.215215697885
0.0311659518629 -0.21626265347
0.031254325062 -0.21657282114
0.031396586448 -0.217025965452
0.0316409543157 -0.217763856053
0.0321300625801 -0.219203993678
0.0335520505905 -0.223344653845
0.0339014083147 -0.224358320236
0.0340551286936 -0.224908262491
0.0364261083305 -0.233291238546
0.036584161222 -0.234043911099
0.0383483432233 -0.24213591218
0.0384661965072 -0.243068441749
0.0394985117018 -0.250855416059
0.0395301952958 -0.251941293478
0.0397448353469 -0.259406805038
0.0396617352962 -0.260623306036
0.0392529964447 -0.267875164747
0.0390309542418 -0.269209325314
0.0381252914667 -0.276307851076
0.0379446782172 -0.277025043964
0.0372041240335 -0.280446141958
0.0369695238769 -0.281184524298
0.0359589084983 -0.284485846758
0.0356620624661 -0.285239845514
0.0343401320279 -0.288391977549
0.0339686535299 -0.289148241282
0.0323491878808 -0.292126446962
0.0318888351321 -0.292868047953
0.0299981683493 -0.295649409294
0.0294337328523 -0.29635772109
0.0272969193757 -0.298919826746
0.0266189873219 -0.299578249454
0.0242646168917 -0.301901608706
0.0234907418489 -0.302507579327
0.0209656171501 -0.304583132267
0.0201223641634 -0.305138736963
0.0174774825573 -0.306959748268
0.0165937915444 -0.307468116283
0.0138798635453 -0.309028476477
0.0129824616015 -0.309491962194
0.0102540841326 -0.31079235673
0.0093529690057 -0.311207026243
0.00668056542054 -0.31227466464
0.00578108709306 -0.312634587288
0.00323740020394 -0.313502371311
5.57318708161e-05 -0.314618319273
0 -0.314633190632
