0.373497754335 0
0.353311508894 -0.00446023233235
0.353067696095 -0.00451324693859
0.352739185095 -0.00457588443533
0.326173365116 -0.00954570434988
0.326040625572 -0.00956850871444
0.307641267776 -0.0126432562247
0.299172461033 -0.0140585377812
0.272410184145 -0.018168380484
0.271594077349 -0.0182842351496
0.217964753509 -0.0257277023047
0.165852099657 -0.0322811193764
0.162632390857 -0.0326686426997
0.127961874008 -0.0368575491011
0.125930950046 -0.037117626518
0.0916879102588 -0.0419198609889
0.0891995429993 -0.0423689670861
0.0758433565497 -0.0448172166944
0.0729224383831 -0.0453913137317
0.0680914595723 -0.0462525747716
0.0605151392519 -0.0478809513152
0.0586283877492 -0.0483304001391
0.0523133426905 -0.0499668717384
0.0508757978678 -0.0503740534186
0.0458397865295 -0.0519457422197
0.044787786901 -0.052299298346
0.0398093685508 -0.0541843213141
0.0388602912426 -0.0545664653182
0.0325412191451 -0.0576627701521
0.031482771039 -0.0582134909928
0.0285051334649 -0.0600688606501
0.0280463285744 -0.0603778995574
0.0252292975783 -0.0624639503658
0.0248307902366 -0.0627904608846
0.0222084186971 -0.0651128739119
0.0218714959919 -0.0654527917504
0.019471751526 -0.0680073648691
0.0191949829459 -0.0683543160558
0.0170367714018 -0.0711281970143
0.0168163590133 -0.0714749619365
0.0149072874337 -0.0744491145015
0.0147376349196 -0.0747889056802
0.0128533300012 -0.0784063190222
0.0127130551264 -0.0787768736482
0.0113683985546 -0.0819419622421
0.0112848076969 -0.082235455513
0.0101193431765 -0.0855196639895
0.0100584998727 -0.0857946574688
0.00904438178986 -0.0891820043325
0.0089993160218 -0.0894373208284
0.00810915138572 -0.0929146558046
0.00807447172701 -0.0931500121951
0.00699172075838 -0.0981548428535
0.00695481710136 -0.0984466597438
0.00602337205783 -0.103584133089
0.00599478930235 -0.103841394186
0.00540821440518 -0.107579767704
0.00539127225056 -0.107747748494
0.00486642867327 -0.111540824175
0.00485212169588 -0.111695177853
0.00426658941433 -0.116705432534
0.00425156671554 -0.116887584329
0.0037954824511 -0.121985755861
0.00378391635604 -0.122154504061
0.00377548183315 -0.12232657522
0.00350449071266 -0.127397805452
0.00360874459147 -0.131239280105
0.00389600219205 -0.140749692917
0.00442831590772 -0.147762253881
0.00483767967671 -0.154118254781
0.00591827603057 -0.161123633385
0.00681045092642 -0.167389512062
0.00755010405555 -0.170975342393
0.00813874229789 -0.174126803875
0.00862930715084 -0.175871446729
0.00903708394617 -0.177376314998
0.00965599063784 -0.179031804204
0.0101956278086 -0.180442228913
0.0109612140805 -0.181976810098
0.0116599816829 -0.183274030685
0.0125257605687 -0.184714630246
0.0133461654186 -0.185932442546
0.0151293985546 -0.188701078296
0.0169186946005 -0.191081911325
0.0184842366725 -0.193947136402
0.0201565455645 -0.196495488286
0.0208695270121 -0.197999507189
0.021621465683 -0.199368834496
0.0223145391792 -0.200932770967
0.023002428934 -0.202368766069
0.0236891917884 -0.204000353813
0.0243068113923 -0.205496534705
0.0249717347324 -0.207183167338
0.0255154129118 -0.208713158965
0.0259002540261 -0.210273817182
0.0268392916769 -0.212765321136
0.0278417952359 -0.215215697885
0.0289748553187 -0.220472455025
0.0294185746461 -0.222029730678
0.0296186525375 -0.222667053342
0.0303145460784 -0.22524343431
0.0315473489463 -0.230020344257
0.0321181453764 -0.232781276107
0.0330208204687 -0.237434983253
0.0333848968148 -0.240323066711
0.0339226685464 -0.244821339846
0.0340288244188 -0.247771590948
0.034217171371 -0.252068281174
0.0341222472489 -0.255103707314
0.0340359285474 -0.25922870636
0.0337565615773 -0.262376874685
0.0334057919681 -0.266330838203
0.0331077426672 -0.267908006907
0.0327491499484 -0.269783675671
0.0322804041207 -0.271324634552
0.0317409709096 -0.273113578558
0.0310674533248 -0.274590611458
0.030314328149 -0.276287555695
0.0294578634202 -0.277699410915
0.0285054091364 -0.279318004847
0.0274969935417 -0.280679583549
0.0263747796416 -0.282230854034
0.0252358112484 -0.283567637205
0.0239815060049 -0.285053640604
0.0227172356099 -0.286387503147
0.0213772132993 -0.287789642811
0.0199675150216 -0.289090901613
0.0185846351087 -0.290341734886
0.0170139353722 -0.291546016932
0.0156186455861 -0.292586147785
0.013887305744 -0.293607026339
0.0124925728887 -0.294398248196
0.0106321424246 -0.29516017437
0.00924032181501 -0.295691549778
0.00734846945852 -0.296215176582
0.00598088419065 -0.296538501978
0.00416552089155 -0.296880751848
0.00285453884862 -0.297051846981
0.00155901350081 -0.297227978706
0 -0.297267258167
