0.352430105 0
0.351842135 -0.000125467
0.333861202 -0.003582142
0.323712349 -0.005314669
0.287600845 -0.011186284
0.267055184 -0.014102972
0.230824888 -0.019186242
0.194806114 -0.023610748
0.17367366 -0.026154239
0.137659743 -0.030318789
0.119795054 -0.032480322
0.109007962 -0.033861712
0.091192096 -0.036291949
0.08234109 -0.037667237
0.071534336 -0.039617661
0.062692545 -0.041150551
0.053905047 -0.042871591
0.046444088 -0.044485867
0.044968646 -0.044816632
0.044237293 -0.045023922
0.040216949 -0.046123318
0.038208403 -0.046701692
0.035449632 -0.04757211
0.034009956 -0.048028879
0.030704999 -0.049184039
0.029936712 -0.04945514
0.026051098 -0.050972492
0.02603134 -0.050980076
0.026028041 -0.050981492
0.022177966 -0.052655324
0.021494355 -0.0529944
0.018555708 -0.054466181
0.017158408 -0.055268522
0.015207069 -0.056410618
0.013068393 -0.057833858
0.012174277 -0.058466703
0.009932389 -0.06025476
0.009460214 -0.060620077
0.009314286 -0.060744442
0.006976447 -0.063026659
0.006028275 -0.064061575
0.004936995 -0.065506056
0.003410739 -0.067872815
0.003359133 -0.067970306
0.003289282 -0.06813731
0.002230851 -0.070924617
0.001811408 -0.072243638
0.001431981 -0.073726192
0.001038124 -0.07555522
0.000867746 -0.076377593
0.000777017 -0.076905973
0.000459422 -0.079100534
0.000220101 -0.081030421
0.000191535 -0.081318483
0.000154219 -0.081847213
8.13e-05 -0.083055571
6.14e-05 -0.083489344
2.76e-05 -0.08438205
0 -0.08579459
0 -0.16846168
5.7e-05 -0.168698132
0.00024691 -0.169392079
0.000545214 -0.170388162
0.000708099 -0.171081007
0.000889137 -0.171629563
0.000967524 -0.171914339
0.001287027 -0.172956809
0.002282603 -0.176810801
0.002349356 -0.177036509
0.003093414 -0.17985554
0.003482014 -0.18083629
0.003673838 -0.181314126
0.003989622 -0.181896508
0.004045557 -0.182000071
0.004141764 -0.182139039
0.004341407 -0.182427436
0.004444194 -0.182646677
0.005338413 -0.183685958
0.005397719 -0.18375802
0.00633481 -0.184777871
0.006368128 -0.184811071
0.008392355 -0.186683878
0.008467186 -0.186745703
0.014705448 -0.191934511
0.014983194 -0.192151457
0.016349638 -0.193626925
0.01641758 -0.193695486
0.017733848 -0.195239469
0.017803114 -0.195315778
0.01905885 -0.196928814
0.019126 -0.197010636
0.020282248 -0.19870165
0.020343639 -0.198787913
0.021364262 -0.20056282
0.02141759 -0.200653285
0.022282612 -0.202508345
0.022327278 -0.202602923
0.023021182 -0.204531059
0.023057021 -0.204630211
0.02359055 -0.206615552
0.023618383 -0.206719592
0.02441065 -0.210748285
0.024451707 -0.210965738
0.024514893 -0.211398512
0.025113557 -0.215215698
0.025398973 -0.217013016
0.025647378 -0.218719468
0.025760205 -0.219747141
0.026325937 -0.223531201
0.026413742 -0.22459133
0.026948797 -0.2283829
0.027011989 -0.229477227
0.027492452 -0.233291894
0.027549628 -0.234426275
0.02790736 -0.238245174
0.027944932 -0.23941192
0.028115232 -0.243220255
0.028068703 -0.24439083
0.027994404 -0.248179555
0.027807184 -0.249333099
0.02741652 -0.253080517
0.027262684 -0.253648549
0.026915336 -0.255495429
0.02671906 -0.256056249
0.026251325 -0.25788033
0.025987053 -0.258479476
0.025321361 -0.260434091
0.02500163 -0.261006117
0.024150243 -0.262886852
0.023771077 -0.263417363
0.022708934 -0.265176922
0.022265274 -0.265653372
0.020968234 -0.26724112
0.020456169 -0.26765424
0.018912677 -0.269024581
0.018338526 -0.269373447
0.016580617 -0.270510048
0.0159535 -0.270794451
0.014024134 -0.27169022
0.013353876 -0.271908373
0.011295465 -0.27255857
0.01059333 -0.272710145
0.008451642 -0.273121923
0.007731087 -0.273215979
0.005568745 -0.273438752
0.000503798 -0.273666888
0 -0.273675203
