0.328016043 0
0.29471913 -0.005315525
0.276590645 -0.008193539
0.241461232 -0.012912381
0.224591881 -0.015141512
0.187678605 -0.019448141
0.172488093 -0.021194892
0.133610293 -0.025639109
0.120381899 -0.027143212
0.10035567 -0.029499305
0.09432961 -0.030206006
0.073882505 -0.032979485
0.068349391 -0.033731762
0.058029599 -0.035398588
0.055418234 -0.035824105
0.045023099 -0.037803788
0.042555399 -0.038280543
0.032095533 -0.040691763
0.02978877 -0.041234292
0.025794778 -0.042403527
0.017184507 -0.044816632
0.015265223 -0.04548724
0.012823582 -0.046440128
0.011244563 -0.047038704
0.008494371 -0.048297781
0.008391285 -0.048343014
0.008209256 -0.048444588
0.005860061 -0.049451169
0.003859113 -0.050524544
0.003542321 -0.050665054
0.001411292 -0.051699087
0.000773632 -0.052068971
0 -0.052772488
0 -0.187249124
0.001127714 -0.187578097
0.001884378 -0.187888533
0.002796149 -0.188090712
0.003772004 -0.188389361
0.005512344 -0.188871279
0.00745716 -0.189492747
0.009045518 -0.190118238
0.010882658 -0.190861255
0.011608317 -0.191249669
0.012456317 -0.191709742
0.013134973 -0.192153558
0.013929271 -0.192683056
0.015156628 -0.193723693
0.016603228 -0.194972381
0.01765932 -0.196190283
0.018930627 -0.197658941
0.019789286 -0.199018225
0.02085609 -0.200664774
0.02120181 -0.201386318
0.021640072 -0.202269286
0.021925064 -0.203013554
0.0222857 -0.203935638
0.022614019 -0.205162257
0.023020238 -0.206709206
0.023215355 -0.207954749
0.023458095 -0.209548205
0.023547571 -0.210787341
0.023679134 -0.212385431
0.023708178 -0.213676602
0.023710802 -0.215215698
0.023583418 -0.216603741
0.023543367 -0.217237845
0.023384167 -0.218768492
0.023277702 -0.220016778
0.023043795 -0.221707776
0.022928618 -0.222793117
0.022585956 -0.224624291
0.022455439 -0.225547016
0.021963403 -0.227491751
0.021809997 -0.228245705
0.021119488 -0.230278164
0.020951897 -0.230863392
0.020001514 -0.232957572
0.019841816 -0.233379111
0.018558294 -0.235502467
0.018428661 -0.235764012
0.017644716 -0.236807734
0.017589482 -0.23689644
0.016692873 -0.237930104
0.01665327 -0.237983853
0.01553637 -0.239092246
0.015517632 -0.23911348
0.014724231 -0.23978579
0.014271536 -0.240173101
0.014259231 -0.240181252
0.012925165 -0.241149232
0.012877539 -0.241175726
0.011482766 -0.242020428
0.011397497 -0.242059454
0.009957668 -0.242774203
0.009835129 -0.242820457
0.008385505 -0.24341391
0.00823017 -0.243462637
0.006806922 -0.243946835
0.006626919 -0.243993804
0.005261972 -0.244380623
0.005068057 -0.244422615
0.003786949 -0.24472484
0.003589652 -0.244760767
0.002405003 -0.244998202
0.002115326 -0.245047361
0 -0.245539278
