0.298772305 0
0.271941721 -0.004226887
0.267174274 -0.0048622
0.220366538 -0.01087639
0.217549652 -0.011222309
0.213778853 -0.011657581
0.166740894 -0.016873902
0.163043886 -0.017287543
0.148343503 -0.018884588
0.108507171 -0.023087412
0.09418872 -0.02483635
0.054044105 -0.029450264
0.047164898 -0.030482719
0.026906265 -0.033122059
0.003097113 -0.036743194
0 -0.037200391
0 -0.187249124
0.000902171 -0.187578097
0.001507502 -0.187888533
0.002236919 -0.188090712
0.003017603 -0.188389361
0.004409875 -0.188871279
0.005965728 -0.189492747
0.007236414 -0.190118238
0.008706126 -0.190861255
0.009286654 -0.191249669
0.009965054 -0.191709742
0.010507978 -0.192153558
0.011143417 -0.192683056
0.012125302 -0.193723693
0.013282582 -0.194972381
0.014127456 -0.196190283
0.015144502 -0.197658941
0.015831429 -0.199018225
0.016684872 -0.200664774
0.016961448 -0.201386318
0.017312058 -0.202269286
0.017540051 -0.203013554
0.01782856 -0.203935638
0.018091215 -0.205162257
0.01841619 -0.206709206
0.018572284 -0.207954749
0.018766476 -0.209548205
0.018838057 -0.210787341
0.018943307 -0.212385431
0.018966542 -0.213676602
0.018968642 -0.215215698
0.018866734 -0.216603741
0.018834694 -0.217237845
0.018707334 -0.218768492
0.018622162 -0.220016778
0.018435036 -0.221707776
0.018342894 -0.222793117
0.018068765 -0.224624291
0.017964351 -0.225547016
0.017570722 -0.227491751
0.017447998 -0.228245705
0.01689559 -0.230278164
0.016761518 -0.230863392
0.016001211 -0.232957572
0.015873453 -0.233379111
0.014846635 -0.235502467
0.014742929 -0.235764012
0.014115773 -0.236807734
0.014071586 -0.23689644
0.013354298 -0.237930104
0.013322616 -0.237983853
0.012429096 -0.239092246
0.012414106 -0.23911348
0.011779385 -0.23978579
0.011417229 -0.240173101
0.011407385 -0.240181252
0.010340132 -0.241149232
0.010302031 -0.241175726
0.009186213 -0.242020428
0.009117998 -0.242059454
0.007966134 -0.242774203
0.007868103 -0.242820457
0.006708404 -0.24341391
0.006584136 -0.243462637
0.005445538 -0.243946835
0.005301535 -0.243993804
0.004209578 -0.244380623
0.004054446 -0.244422615
0.003029559 -0.24472484
0.002871722 -0.244760767
0.001924002 -0.244998202
0.001692261 -0.245047361
0 -0.245539278
