0.268687129 0
0.227248266 -0.005280516
0.217769593 -0.006461179
0.172895432 -0.011315704
0.163299814 -0.012314687
0.118507363 -0.01680796
0.108778387 -0.01771332
0.06418936 -0.022307409
0.054277945 -0.023206664
0.032125078 -0.02553793
0.027058812 -0.025960669
0.020248083 -0.026568159
0 -0.028850267
0 -0.187249124
0.000676628 -0.187578097
0.001130627 -0.187888533
0.001677689 -0.188090712
0.002263202 -0.188389361
0.003307406 -0.188871279
0.004474296 -0.189492747
0.005427311 -0.190118238
0.006529595 -0.190861255
0.00696499 -0.191249669
0.00747379 -0.191709742
0.007880984 -0.192153558
0.008357563 -0.192683056
0.009093977 -0.193723693
0.009961937 -0.194972381
0.010595592 -0.196190283
0.011358376 -0.197658941
0.011873572 -0.199018225
0.012513654 -0.200664774
0.012721086 -0.201386318
0.012984043 -0.202269286
0.013155038 -0.203013554
0.01337142 -0.203935638
0.013568411 -0.205162257
0.013812143 -0.206709206
0.013929213 -0.207954749
0.014074857 -0.209548205
0.014128543 -0.210787341
0.01420748 -0.212385431
0.014224907 -0.213676602
0.014226481 -0.215215698
0.014150051 -0.216603741
0.01412602 -0.217237845
0.0140305 -0.218768492
0.013966621 -0.220016778
0.013826277 -0.221707776
0.013757171 -0.222793117
0.013551574 -0.224624291
0.013473263 -0.225547016
0.013178042 -0.227491751
0.013085998 -0.228245705
0.012671693 -0.230278164
0.012571138 -0.230863392
0.012000908 -0.232957572
0.01190509 -0.233379111
0.011134976 -0.235502467
0.011057197 -0.235764012
0.01058683 -0.236807734
0.010553689 -0.23689644
0.010015724 -0.237930104
0.009991962 -0.237983853
0.009321822 -0.239092246
0.009310579 -0.23911348
0.008834539 -0.23978579
0.008562922 -0.240173101
0.008555539 -0.240181252
0.007755099 -0.241149232
0.007726523 -0.241175726
0.00688966 -0.242020428
0.006838498 -0.242059454
0.005974601 -0.242774203
0.005901077 -0.242820457
0.005031303 -0.24341391
0.004938102 -0.243462637
0.004084153 -0.243946835
0.003976151 -0.243993804
0.003157183 -0.244380623
0.003040834 -0.244422615
0.002272169 -0.24472484
0.002153791 -0.244760767
0.001443002 -0.244998202
0.001269196 -0.245047361
0 -0.245539278
0 NaN
