0 0
0 -0.135660574
0.00058306 -0.135974839
0.000590924 -0.135983706
0.000621118 -0.135997698
0.001040784 -0.136523768
0.001347354 -0.13673076
0.001709853 -0.137217581
0.002213661 -0.137568101
0.002618377 -0.138233244
0.00339101 -0.138982147
0.003709801 -0.139517397
0.003865709 -0.139663443
0.004759032 -0.141643718
0.005257647 -0.14229691
0.00579626 -0.144056723
0.006406861 -0.145267919
0.006673345 -0.146881044
0.007171409 -0.148601562
0.007223824 -0.150264174
0.007447555 -0.152304366
0.007267735 -0.154368088
0.00718632 -0.156353876
0.005234754 -0.164628953
0.005001806 -0.165363446
0.002642444 -0.170102239
0.001894673 -0.171456218
0.00130961 -0.172510311
0 -0.173829257
0 NaN
