0 0
0 -0.129531279
0.000402742 -0.129556522
0.000574472 -0.129607439
0.000799358 -0.129867628
0.00138423 -0.130066812
0.001523515 -0.130230159
0.001727795 -0.130332366
0.00247731 -0.131209388
0.003109725 -0.131533161
0.003759125 -0.132417068
0.005138688 -0.133369803
0.005341728 -0.133710712
0.006258001 -0.134568989
0.006937828 -0.135606036
0.007079693 -0.13572526
0.00833644 -0.138210639
0.008673034 -0.138586596
0.009591321 -0.141114831
0.00999585 -0.141732052
0.01060953 -0.144351915
0.010975427 -0.145161003
0.011301504 -0.147957936
0.01155737 -0.148865893
0.011587394 -0.151960209
0.011706021 -0.152831689
0.010694169 -0.160958111
0.010672034 -0.161439076
0.01025713 -0.162910819
0.006779735 -0.171482071
0.005252197 -0.174239904
0.004261659 -0.175745755
0.001706229 -0.179582015
0.000971187 -0.180599317
0 -0.180714786
0 NaN
