0 0
0 -0.121581845
0.000388829 -0.121607088
0.000676943 -0.121690296
0.000772622 -0.121782042
0.001310103 -0.121951237
0.0015245 -0.122124813
0.001578879 -0.122140817
0.002970938 -0.123420365
0.003724225 -0.123691387
0.004858575 -0.124870867
0.006198068 -0.125522628
0.00701004 -0.126524985
0.008786702 -0.127663687
0.009288345 -0.128428921
0.011305775 -0.13012445
0.011557504 -0.130622268
0.013600697 -0.132904425
0.013685992 -0.133139268
0.015562883 -0.136002943
0.015564268 -0.136008859
0.015627429 -0.136148527
0.016933136 -0.139418006
0.016992494 -0.139519796
0.017984819 -0.14313741
0.018041283 -0.143269137
0.01867838 -0.147171184
0.018696155 -0.147231624
0.018722545 -0.148334563
0.018369656 -0.156002194
0.017856214 -0.157823488
0.015988404 -0.165644079
0.012798572 -0.173344374
0.011822072 -0.175845295
0.01049033 -0.178434029
0.00717222 -0.183371767
0.005361127 -0.185729757
0.004201275 -0.186996922
0.002705791 -0.188687131
0.001713098 -0.18967782
0.001347677 -0.190061063
0.000341406 -0.190950826
0.000185284 -0.190980941
0 -0.19100298
0 NaN
