0 0
0 -0.116114482
0.000181501 -0.11624594
0.000554102 -0.116422787
0.000748333 -0.116570577
0.001158072 -0.116678052
0.001483644 -0.116941631
0.002487401 -0.117237009
0.002905237 -0.117621072
0.005520066 -0.118561834
0.005556501 -0.11859972
0.005835731 -0.118735582
0.008043544 -0.120380908
0.008587473 -0.120648876
0.010582963 -0.122457467
0.011571453 -0.123087011
0.013098513 -0.124798149
0.014361707 -0.12582171
0.015488213 -0.12741901
0.016867286 -0.128834695
0.017677516 -0.130328327
0.019035945 -0.132110775
0.019606577 -0.133539632
0.020832133 -0.135641247
0.021222427 -0.137064114
0.022229372 -0.139413118
0.022474341 -0.140913486
0.02320878 -0.143410772
0.023297548 -0.147120669
0.023886116 -0.152002662
0.023105642 -0.157790914
0.022853207 -0.161262259
0.020534426 -0.17003049
0.020130649 -0.1710646
0.01988158 -0.171548769
0.016551584 -0.178292394
0.01342125 -0.18358624
0.01227814 -0.185570672
0.010766183 -0.187714398
0.009631529 -0.188904017
0.005518407 -0.193445116
0.003140924 -0.195684969
0.001783352 -0.196848258
0.000939983 -0.19750607
0 -0.197673336
0 NaN
