0 0
0 -0.111725606
0.000621886 -0.111915454
0.001146781 -0.112172164
0.001570492 -0.112332977
0.002660887 -0.112911381
0.003245309 -0.113085896
0.004936885 -0.114137568
0.006766883 -0.114814587
0.007924638 -0.115677379
0.010340252 -0.116867438
0.011011073 -0.117475428
0.013799244 -0.119251132
0.014078093 -0.119563602
0.017026605 -0.121952765
0.017028918 -0.121956043
0.017061731 -0.121989727
0.019558083 -0.124878369
0.01980163 -0.125108361
0.021849357 -0.12806268
0.022223685 -0.128499016
0.023868753 -0.131512746
0.02427949 -0.132110178
0.025582388 -0.135234296
0.025957603 -0.135929048
0.02695973 -0.139230266
0.027252028 -0.1399405
0.028476886 -0.147603095
0.028689701 -0.148471206
0.028670697 -0.153506577
0.028365074 -0.157709315
0.028009651 -0.159053311
0.026014492 -0.167654559
0.02463802 -0.171514615
0.02364021 -0.174445674
0.020940892 -0.180818811
0.020656757 -0.181312069
0.010949087 -0.195076048
0.009662709 -0.196424738
0.005617287 -0.20014149
0.004084427 -0.201309636
0.002842381 -0.202291876
0.001817666 -0.20300369
0.001420628 -0.2032931
0.000743063 -0.203607842
0 -0.20374006
0 NaN
