0 0
0 -0.105007261
0.000810589 -0.105175436
0.001475937 -0.105424143
0.002199401 -0.105671234
0.003667873 -0.106283635
0.004438485 -0.106496885
0.006675009 -0.10761746
0.008902086 -0.10839577
0.010414213 -0.109331906
0.013202603 -0.11063911
0.014112438 -0.11133258
0.017224479 -0.113217928
0.017672608 -0.113637984
0.020904897 -0.116108365
0.021028761 -0.116251692
0.022792248 -0.117917016
0.024078298 -0.119218349
0.024190623 -0.119317591
0.026789753 -0.122517876
0.027060885 -0.122810215
0.029212901 -0.126066461
0.029547827 -0.126510367
0.031323932 -0.129866987
0.031650651 -0.130404666
0.033104867 -0.1339169
0.033374377 -0.134477362
0.03549777 -0.142404348
0.035717983 -0.143091306
0.03621323 -0.148004413
0.036447302 -0.152319893
0.036310669 -0.153283805
0.035325523 -0.162143037
0.034641735 -0.164975092
0.033752579 -0.168856427
0.032152135 -0.173990726
0.031647641 -0.175615117
0.030187968 -0.179186136
0.024715928 -0.189626649
0.02086265 -0.195790708
0.020161515 -0.19663462
0.018705284 -0.198216289
0.013271737 -0.204148531
0.010719773 -0.206688434
0.007224008 -0.209352657
0.005452087 -0.210716829
0.002946824 -0.212340713
0.002749763 -0.212462574
0.002731471 -0.212472871
0.001372372 -0.213246882
0.00131975 -0.213258758
0 -0.21349901
0 NaN
