0 0
0 -0.099730007
0.001224961 -0.09993884
0.002188887 -0.100236125
0.002716222 -0.100392491
0.004811257 -0.101123683
0.005416932 -0.101274423
0.008638695 -0.102656126
0.010650423 -0.103300966
0.012949433 -0.104549445
0.015548794 -0.105681852
0.017109971 -0.106737986
0.020035619 -0.10840033
0.021038946 -0.109235667
0.024086624 -0.111425877
0.024690077 -0.112036496
0.027719414 -0.114713065
0.0280471 -0.115116544
0.030941343 -0.118237138
0.031092852 -0.118466385
0.033748101 -0.121985495
0.03380277 -0.122088812
0.036143463 -0.125940964
0.036159113 -0.125978753
0.038134661 -0.130087107
0.03816032 -0.130182892
0.040947951 -0.138879016
0.041019913 -0.139592916
0.04220587 -0.148233712
0.04209549 -0.15070422
0.041920032 -0.158018246
0.0413967 -0.161442772
0.040931981 -0.164696813
0.039712168 -0.170046717
0.039402608 -0.171429232
0.038206246 -0.175120384
0.03404671 -0.185238212
0.031423118 -0.190494508
0.030637069 -0.192061901
0.029388176 -0.194304869
0.026129918 -0.199010998
0.022253495 -0.204095244
0.020915663 -0.205860272
0.019823283 -0.207165807
0.013450349 -0.213021904
0.009844072 -0.21598959
0.008597098 -0.216808379
0.004879262 -0.219257697
0.000344414 -0.221904695
0.00020018 -0.221989021
0.00010742 -0.222039238
0 -0.222063199
0 NaN
