0 0
0 -0.095419332
0.001119952 -0.095595546
0.002550068 -0.095930465
0.003167903 -0.096113667
0.003366343 -0.096182927
0.005441279 -0.096699335
0.006188162 -0.096921183
0.00628163 -0.096941888
0.010981156 -0.098699309
0.012190667 -0.099051654
0.015717579 -0.100763395
0.017606869 -0.101526998
0.02021149 -0.1031285
0.02248729 -0.104346454
0.024396775 -0.105803207
0.026842227 -0.10747309
0.028245483 -0.108772777
0.0307204 -0.110858545
0.031755295 -0.112016164
0.034147508 -0.114476122
0.03491855 -0.115525059
0.037131317 -0.118310839
0.037721209 -0.119295545
0.039685864 -0.122345999
0.040156148 -0.123322934
0.041831121 -0.126563057
0.042558338 -0.128740728
0.044980265 -0.13546735
0.045482013 -0.138484359
0.046660967 -0.144890904
0.046754956 -0.149758324
0.046906222 -0.154703364
0.046469316 -0.159500331
0.046312559 -0.161388054
0.04522175 -0.167933315
0.045190781 -0.168127224
0.045035187 -0.16873017
0.040774517 -0.181936592
0.038529642 -0.187411219
0.03800042 -0.188720927
0.036915544 -0.191071659
0.034425881 -0.195555046
0.032419913 -0.198825866
0.030316932 -0.20228897
0.027771283 -0.206083402
0.025391866 -0.208958238
0.01817883 -0.216569021
0.011121851 -0.222291514
0.008645437 -0.224087447
0.007935738 -0.224515513
0.004176063 -0.226793423
0.003476467 -0.227181241
0.002046332 -0.227959886
0.001646969 -0.228170976
0.001009298 -0.228498146
0.000706495 -0.228594854
0 -0.22875239
