0 0
0 -0.09186928
0.000653495 -0.09189374
0.001436283 -0.092050895
0.003572138 -0.092587411
0.004500052 -0.092863023
0.007044838 -0.093426734
0.008109791 -0.093824983
0.013582187 -0.095419161
0.013696147 -0.095474474
0.014521046 -0.095807873
0.018760178 -0.097671814
0.019461077 -0.097936101
0.023463301 -0.10021092
0.024678502 -0.100828871
0.027796654 -0.10305576
0.029284639 -0.104032949
0.031752855 -0.10618645
0.033359382 -0.107496955
0.035338171 -0.109586067
0.036947671 -0.111191094
0.038549896 -0.113245443
0.040067371 -0.115099035
0.041382167 -0.117160134
0.042740788 -0.119204104
0.043836474 -0.12132258
0.044996224 -0.123486921
0.046723131 -0.128173605
0.048369668 -0.13250798
0.049540371 -0.138305277
0.050316945 -0.142024249
0.0507675 -0.149865583
0.050895199 -0.151904732
0.05056325 -0.158548772
0.050559942 -0.158624098
0.050519135 -0.158958107
0.04947184 -0.165515795
0.048087317 -0.170881093
0.045968466 -0.17927736
0.043712169 -0.185976312
0.043687899 -0.186051175
0.043626327 -0.186211675
0.040592104 -0.192905515
0.038652532 -0.196712017
0.037210759 -0.199596271
0.034956947 -0.203661472
0.033292215 -0.206185266
0.025817111 -0.216066524
0.022935417 -0.21906729
0.016363936 -0.224964619
0.00746993 -0.231296882
0.007427196 -0.231327876
0.007382437 -0.231354877
0.003533311 -0.233532816
0.000257496 -0.235237166
0.000138971 -0.235293016
7.19e-05 -0.235322535
0 -0.23532407
0 NaN
