0 0
0 -0.088979751
0.001355981 -0.089030519
0.001985583 -0.08910843
0.003164595 -0.089369468
0.003947456 -0.089499243
0.005916657 -0.090002097
0.007748186 -0.090361632
0.010511529 -0.091272168
0.014809098 -0.09241204
0.016379165 -0.093102396
0.021105241 -0.094884448
0.021828068 -0.095295288
0.026647214 -0.097745925
0.026804721 -0.097858407
0.028658852 -0.099076048
0.031237788 -0.100829452
0.031478457 -0.100983113
0.035223335 -0.104119509
0.035714064 -0.104510255
0.038820479 -0.107669473
0.03943409 -0.108267099
0.042025745 -0.111474857
0.042664565 -0.112236708
0.044839907 -0.115530729
0.045433894 -0.116402261
0.047270428 -0.119827196
0.047775354 -0.120744184
0.050687447 -0.128298208
0.051308353 -0.129878834
0.053279381 -0.138846636
0.05342447 -0.139498517
0.053707954 -0.143101007
0.054110482 -0.149528816
0.054065939 -0.150420323
0.053804394 -0.15637511
0.053530578 -0.158616439
0.052995197 -0.163273439
0.050625324 -0.174770802
0.050175123 -0.177038416
0.049545716 -0.179324105
0.04805648 -0.183917895
0.047324065 -0.185827151
0.045508228 -0.190737173
0.043281037 -0.195941329
0.042665988 -0.197420195
0.041483197 -0.19994235
0.039249845 -0.204046115
0.032835219 -0.214429483
0.031010266 -0.216834083
0.023683215 -0.224962592
0.019096397 -0.229003415
0.014612619 -0.232562125
0.009758698 -0.235705435
0.006588335 -0.237795308
0.003127878 -0.239659965
0.003100758 -0.239675313
0.00307799 -0.23968716
0.00298683 -0.23973012
0.001710542 -0.240321845
0.001095301 -0.240587875
0.00067036 -0.240711734
0 -0.240726039
0 NaN
