0 0
0 -0.086090229
0.000209013 -0.086098053
0.001727396 -0.086285956
0.00216703 -0.086362541
0.004101696 -0.086727254
0.004299424 -0.086755693
0.007607507 -0.087487675
0.008405763 -0.087626614
0.013334724 -0.089074276
0.015947349 -0.089708254
0.019355772 -0.091083609
0.022576304 -0.092226855
0.024884168 -0.093457386
0.028339533 -0.095143825
0.029885111 -0.096194662
0.03334453 -0.098403379
0.034380257 -0.099270821
0.037733603 -0.101940922
0.03842489 -0.102643959
0.041583385 -0.105720177
0.04204639 -0.106293246
0.044922151 -0.109722883
0.045244735 -0.110211365
0.047780037 -0.113931298
0.048026331 -0.114390604
0.050192524 -0.118324593
0.05058958 -0.119354568
0.053822272 -0.127583951
0.054184869 -0.129233703
0.055991203 -0.137349606
0.056233112 -0.14042379
0.05680396 -0.147477716
0.056723669 -0.150836438
0.056652807 -0.154356092
0.056219529 -0.159080744
0.056029662 -0.161282405
0.054597437 -0.169835463
0.053538233 -0.1751706
0.05309654 -0.176774591
0.051715147 -0.182079777
0.050399628 -0.186217502
0.049589451 -0.188892663
0.047442783 -0.194825605
0.047117941 -0.195606694
0.046924975 -0.196018159
0.044034887 -0.202292696
0.039110862 -0.211643055
0.0369514 -0.215146735
0.030456623 -0.22400783
0.027441774 -0.227324665
0.021456722 -0.233032212
0.014644876 -0.238403246
0.01350693 -0.239272088
0.013189768 -0.2395311
0.012529559 -0.239972025
0.007645078 -0.243107349
0.005184444 -0.244314358
0.004152898 -0.244848296
0.003765952 -0.245027706
0.00359341 -0.245102301
8.02e-05 -0.246126309
0 -0.246128023
