0 0
0 -0.081815936
0.001428125 -0.081877187
0.002636714 -0.082075417
0.004560003 -0.082466751
0.009520923 -0.083304428
0.014847673 -0.084748119
0.017838847 -0.085358419
0.021905525 -0.086911954
0.024979502 -0.08789213
0.028114507 -0.089503318
0.031069959 -0.090852857
0.033536945 -0.09248881
0.036296111 -0.094171539
0.038296621 -0.0958113
0.040871087 -0.097771943
0.042523023 -0.099415779
0.044901576 -0.101612851
0.046274278 -0.103273273
0.048416581 -0.105677418
0.049564302 -0.107372567
0.051444542 -0.109948456
0.052409563 -0.111699097
0.054016382 -0.114406832
0.055518936 -0.118176304
0.057912823 -0.123810664
0.058914319 -0.128116801
0.060287897 -0.133737013
0.060772303 -0.138875514
0.061283536 -0.144031316
0.061267205 -0.148055598
0.061263613 -0.151019081
0.060951207 -0.155646726
0.060795061 -0.158053413
0.059167441 -0.170048505
0.058898661 -0.172082648
0.057636462 -0.178975031
0.057632033 -0.179000109
0.057593703 -0.179177031
0.055887077 -0.185933322
0.055148806 -0.188321635
0.05381773 -0.192773789
0.051957931 -0.197975263
0.051419571 -0.199504077
0.050123479 -0.202499166
0.045339242 -0.212663308
0.041720022 -0.21907647
0.037922129 -0.225142598
0.03322788 -0.231435165
0.028619532 -0.236738041
0.024815096 -0.240660369
0.021522133 -0.24349308
0.017898027 -0.246861801
0.017009526 -0.247600183
0.015533469 -0.248711869
0.015241249 -0.248897702
0.015075412 -0.248991638
0.012621264 -0.250488639
0.012086981 -0.250755519
0.010586238 -0.251582593
0.009966876 -0.251869768
0.008749463 -0.252466679
0.00793791 -0.252808779
0.007010062 -0.253222883
0.006027214 -0.25360322
0.005369527 -0.253864259
0.004229784 -0.254264593
0.003944559 -0.254357219
0.003077111 -0.254624933
0.002906711 -0.254672229
0.001974032 -0.254933447
0.00194325 -0.254941314
0 -0.25497508
