0 0
0 -0.078355491
0.001952987 -0.078445539
0.004065668 -0.078681402
0.008764657 -0.079345539
0.010493416 -0.079637453
0.011085413 -0.079797894
0.018111411 -0.081231423
0.019374048 -0.081520513
0.019499397 -0.081544533
0.026373414 -0.083910123
0.027004223 -0.084102474
0.032447658 -0.086724028
0.033315748 -0.087105706
0.037740678 -0.089910299
0.03869994 -0.090473346
0.042434931 -0.093401298
0.043425456 -0.094122387
0.046637442 -0.097153708
0.047616098 -0.098009787
0.050376702 -0.101152025
0.051297117 -0.10212037
0.053663932 -0.105384871
0.054492511 -0.106438242
0.056512214 -0.10983856
0.05722763 -0.11094594
0.060385685 -0.118265286
0.061417051 -0.120461464
0.063500747 -0.128602117
0.064036228 -0.130516425
0.0650841 -0.139709622
0.065242089 -0.140950263
0.065346725 -0.14767614
0.065354675 -0.148034513
0.065144636 -0.152552038
0.064973094 -0.155195996
0.064906754 -0.155684888
0.063069448 -0.169589862
0.062766559 -0.171243802
0.06180504 -0.176690951
0.061265811 -0.179179996
0.060321055 -0.183707982
0.059440169 -0.187117696
0.058560338 -0.190637797
0.057194442 -0.19506599
0.056470115 -0.19747588
0.051568557 -0.210009277
0.051208694 -0.210838586
0.049895998 -0.213316679
0.044366859 -0.223725721
0.042772342 -0.226295874
0.036409184 -0.235819459
0.035275381 -0.237357751
0.032332353 -0.240952775
0.029158622 -0.244734183
0.027114822 -0.246861801
0.023659235 -0.25047639
0.023657346 -0.250478029
0.020345079 -0.253325403
0.0198416 -0.253713369
0.017654512 -0.255393684
0.01693877 -0.255887777
0.015056011 -0.257170558
0.013984863 -0.257821739
0.012459687 -0.258750737
0.011024599 -0.259534597
0.009874525 -0.260135829
0.008045632 -0.261007965
0.007522081 -0.261224508
0.005994783 -0.261806607
0.005685512 -0.261911601
0.003926272 -0.262472212
0.003885414 -0.262484312
0.003234207 -0.262670398
0.00290791 -0.262759298
0.002894946 -0.262762815
0.001937617 -0.263008237
0.001888007 -0.263021141
0.00100093 -0.263237029
0.000919119 -0.263257533
0.000501036 -0.263356715
0 -0.263363451
0 NaN
