0 0
0 -0.075578034
0.001311013 -0.075624786
0.002746786 -0.075803407
0.011000668 -0.076915219
0.014675116 -0.077756509
0.020286093 -0.078831606
0.022779137 -0.079689547
0.028063629 -0.081300974
0.029776305 -0.082125798
0.034597568 -0.084245577
0.035811201 -0.085014798
0.040176976 -0.087577321
0.041079275 -0.088284664
0.045092445 -0.091206186
0.045783676 -0.091858536
0.049473666 -0.095086366
0.050011352 -0.095698386
0.053341702 -0.099202178
0.05376995 -0.099792846
0.056715775 -0.103537865
0.057067487 -0.104129992
0.05961664 -0.108075798
0.060166582 -0.109350376
0.064081952 -0.117687717
0.064484529 -0.119260512
0.066895865 -0.127880812
0.067141153 -0.130032808
0.068217479 -0.138484925
0.068247929 -0.140442535
0.068364464 -0.145696148
0.068250284 -0.148152024
0.068033397 -0.152965754
0.067285985 -0.159714773
0.066379681 -0.167498246
0.06571731 -0.171891317
0.065259807 -0.174679011
0.064337403 -0.179839879
0.06396316 -0.181779802
0.062670693 -0.187783301
0.062441804 -0.188797891
0.060629971 -0.195732102
0.060629632 -0.195733398
0.060626969 -0.195741221
0.055329759 -0.209489077
0.052313775 -0.215611666
0.048883084 -0.222696751
0.042621922 -0.233518586
0.041573025 -0.235211372
0.034090161 -0.24603723
0.0337741 -0.246466041
0.033450115 -0.246861801
0.033130284 -0.247235075
0.029253617 -0.251632363
0.027570682 -0.253553301
0.025033331 -0.25604102
0.023933604 -0.257174134
0.021736071 -0.259109139
0.020790048 -0.259986371
0.018302977 -0.261939228
0.017537696 -0.26255697
0.014734285 -0.264511794
0.014185335 -0.264876813
0.010983009 -0.26677078
0.010800905 -0.266868383
0.008321449 -0.268041611
0.008298686 -0.268051475
0.007959851 -0.268182844
0.005755507 -0.269011259
0.005541707 -0.269086033
0.004301627 -0.269483566
0.004119562 -0.269539326
0.002955872 -0.269877106
0.002711031 -0.269946456
0.001631533 -0.2702308
0.001331407 -0.270309836
0 -0.270323992
0 NaN
