0 0
0 -0.07356254
0.002749555 -0.073488325
0.002998287 -0.073507182
0.005549029 -0.073772021
0.005878466 -0.073804475
0.010373583 -0.074414149
0.011249298 -0.074526854
0.018353 -0.07600043
0.020616462 -0.076442465
0.025996147 -0.078177609
0.028456951 -0.078913718
0.032629203 -0.080824174
0.035091992 -0.081854619
0.038440298 -0.0838788
0.040812235 -0.085178688
0.043622918 -0.087270141
0.0458818 -0.088802628
0.048295375 -0.090948381
0.050414316 -0.092684239
0.052490484 -0.094892658
0.054430436 -0.096807599
0.056216687 -0.099091344
0.057951521 -0.101156324
0.059485201 -0.103530288
0.061000839 -0.105712585
0.063427784 -0.110822059
0.065778047 -0.115373023
0.067436047 -0.121088251
0.068911582 -0.125629812
0.069832683 -0.132163286
0.07052964 -0.136313394
0.070710145 -0.14119634
0.070845507 -0.14358741
0.07068488 -0.148998782
0.070650712 -0.15092966
0.069318764 -0.164111435
0.069160871 -0.165642127
0.068110667 -0.172737956
0.068079151 -0.172930017
0.068075731 -0.17294915
0.066678666 -0.180191085
0.066504948 -0.180997998
0.065067835 -0.187368348
0.064632259 -0.189035401
0.063204765 -0.194458291
0.061076887 -0.200711936
0.058567952 -0.208356395
0.053448364 -0.220096707
0.052740384 -0.22180298
0.051075649 -0.225016996
0.045581505 -0.234718695
0.038863771 -0.245530933
0.038032517 -0.246861801
0.037830047 -0.247165576
0.033670943 -0.252658427
0.032613806 -0.254093468
0.029131489 -0.258121789
0.028487884 -0.258903861
0.025533998 -0.26198715
0.025032422 -0.262526691
0.021741655 -0.265614629
0.021420274 -0.265907168
0.0177052 -0.268946201
0.017627716 -0.269003093
0.016620046 -0.269684255
0.013498752 -0.271759748
0.013319492 -0.271865785
0.010436065 -0.273411334
0.01017549 -0.273534626
0.007279167 -0.274788916
0.006863198 -0.274950176
0.005393925 -0.275477201
0.005133156 -0.275564075
0.00369784 -0.276016891
0.00339908 -0.276107252
0.00201081 -0.27649048
0.001679434 -0.276581675
0.000892375 -0.276825815
0 -0.276925802
0.000433315 -0.276940972
0 -0.276925802
