0 0
0 -0.069787331
0.000186066 -0.069808461
0.000743022 -0.069823034
0.001678904 -0.06988024
0.00279194 -0.069975458
0.003695284 -0.07006865
0.005492135 -0.070260197
0.006883041 -0.070446298
0.010584068 -0.070951439
0.012180828 -0.071273215
0.019690016 -0.072782531
0.020027444 -0.07288602
0.022908511 -0.0737468
0.02709776 -0.075008944
0.027587421 -0.075153716
0.033475786 -0.077582389
0.034496039 -0.077988826
0.039274648 -0.080538176
0.040595889 -0.081214488
0.044566534 -0.083834343
0.046032172 -0.084766127
0.049381901 -0.087444678
0.050878379 -0.088606626
0.053727973 -0.091357127
0.055169977 -0.092715979
0.057616029 -0.095560506
0.058944542 -0.097072989
0.061062142 -0.100038819
0.062241413 -0.101655595
0.065727822 -0.108121343
0.067549907 -0.111407362
0.070168525 -0.118839189
0.071257405 -0.121795878
0.073005438 -0.130646065
0.073430754 -0.132647812
0.074009441 -0.13944374
0.074069828 -0.140054271
0.074113622 -0.145199835
0.074118048 -0.147551671
0.074050225 -0.14827852
0.072745211 -0.162660703
0.072314247 -0.165388003
0.071536377 -0.170184404
0.070738763 -0.174356967
0.070086569 -0.177650124
0.068824433 -0.183402732
0.068453945 -0.185039297
0.066834509 -0.191693351
0.066672504 -0.19233799
0.066623211 -0.192503989
0.062528193 -0.20665279
0.060882948 -0.211041838
0.057512347 -0.220529601
0.053182647 -0.22999981
0.051452179 -0.233935162
0.04966164 -0.237257898
0.043849822 -0.246861801
0.040266059 -0.253262788
0.039529581 -0.254374743
0.035660546 -0.260457784
0.03474731 -0.26170519
0.031709604 -0.26594913
0.030874947 -0.266971171
0.027686637 -0.270842254
0.026665574 -0.271949917
0.023296362 -0.275340974
0.022004785 -0.276528865
0.018476514 -0.279361218
0.016800281 -0.280607849
0.014388374 -0.282169044
0.012998294 -0.283007741
0.010564146 -0.284260631
0.008895723 -0.285069704
0.007658782 -0.285581529
0.006692224 -0.2859644
0.005489327 -0.286391467
0.004456301 -0.286746532
0.003299473 -0.287097603
0.00221247 -0.287420571
0.000661159 -0.287861496
0.00032464 -0.28795141
0 -0.28796339
0 NaN
