0 0
0 -0.066926986
0.001037652 -0.067044809
0.002441472 -0.067081548
0.004250358 -0.067286499
0.004833551 -0.067364119
0.008214419 -0.067844987
0.009429744 -0.068039879
0.01537147 -0.069253989
0.017939854 -0.069807462
0.023006201 -0.07131283
0.025637915 -0.072082736
0.029991245 -0.073827654
0.032601535 -0.074811921
0.036369979 -0.076753207
0.038877442 -0.0779434
0.042164903 -0.080045372
0.044494584 -0.081427939
0.047372255 -0.083672799
0.049490802 -0.085231707
0.052009787 -0.087613612
0.053915393 -0.089330226
0.056119047 -0.091844104
0.057818577 -0.093697831
0.059744898 -0.096339673
0.061251298 -0.098308466
0.064398706 -0.103966914
0.066891626 -0.108154297
0.069179498 -0.114293642
0.071016036 -0.118673407
0.072469354 -0.125290275
0.073665068 -0.12968123
0.074167103 -0.134344265
0.074636973 -0.137201294
0.074783929 -0.142086864
0.075027376 -0.144817665
0.07432922 -0.155421898
0.074300215 -0.160185963
0.073480003 -0.165780693
0.073303245 -0.167865247
0.072202384 -0.173708916
0.071966775 -0.175507665
0.070617348 -0.181606025
0.07035964 -0.183092624
0.068802521 -0.189447761
0.068558633 -0.190599114
0.064808674 -0.20443581
0.064577639 -0.205311239
0.062159728 -0.212819338
0.059963807 -0.219587579
0.057744339 -0.225081563
0.054396491 -0.233423769
0.053007431 -0.236259639
0.050824489 -0.240541384
0.047381744 -0.246861801
0.044573803 -0.252250761
0.042733155 -0.255707085
0.040925961 -0.259045541
0.037811972 -0.264470041
0.036391977 -0.266845196
0.033821385 -0.270840883
0.032320309 -0.273040324
0.029437313 -0.276921302
0.027851989 -0.278858751
0.024512498 -0.282578439
0.022878624 -0.284169167
0.018916065 -0.287690103
0.017856205 -0.288512915
0.014752789 -0.290733784
0.013746796 -0.291349709
0.010186004 -0.293368608
0.00972439 -0.293595165
0.007689376 -0.294521332
0.00727223 -0.294695437
0.005138934 -0.295523733
0.004769982 -0.295652717
0.002559701 -0.296378851
0.00239884 -0.296427071
0.001274424 -0.296748132
0.00014091 -0.297039688
0 -0.297055066
