0 0
0 -0.061206292
0.001520064 -0.061378889
0.001704447 -0.061499886
0.002702342 -0.061632641
0.003434929 -0.061770458
0.005379203 -0.062082104
0.006929168 -0.062407069
0.010607027 -0.063200168
0.013984863 -0.064048804
0.017379498 -0.065045163
0.020999979 -0.066158853
0.024092166 -0.06733001
0.027808424 -0.068710729
0.030581456 -0.070032902
0.034232125 -0.071679778
0.036674265 -0.073134504
0.040093686 -0.075042419
0.042230081 -0.076618686
0.045351531 -0.078772269
0.047225472 -0.080463178
0.050054759 -0.08284007
0.051703431 -0.084639683
0.054253872 -0.087216161
0.055709559 -0.089118682
0.057999246 -0.091870353
0.060439143 -0.095964238
0.064313322 -0.101893492
0.066181794 -0.106336288
0.069163829 -0.112684287
0.070470355 -0.117448114
0.072574578 -0.124027997
0.073131405 -0.127366468
0.074066892 -0.13179417
0.074386589 -0.1352662
0.074983902 -0.139669716
0.074975967 -0.147053123
0.075315438 -0.155586243
0.07500729 -0.159454137
0.074839421 -0.163551196
0.074338891 -0.167553619
0.073990345 -0.171490401
0.073299453 -0.175633237
0.07280153 -0.179389879
0.0719226 -0.183678702
0.07130675 -0.187235594
0.068955682 -0.196381971
0.067502201 -0.202715471
0.064282611 -0.212557107
0.062681593 -0.217848837
0.058494989 -0.228448346
0.056956809 -0.232572347
0.054011781 -0.239313662
0.050556585 -0.246861801
0.047397342 -0.253429413
0.045415387 -0.257505804
0.044336878 -0.259609312
0.039947353 -0.268052429
0.039087128 -0.269623041
0.035651419 -0.275857121
0.034742862 -0.277413964
0.031106818 -0.28350684
0.030138977 -0.285025239
0.026133062 -0.2908566
0.025086489 -0.292281717
0.020465041 -0.297698379
0.019714376 -0.298542798
0.016148765 -0.3018502
0.015337059 -0.302551061
0.011292403 -0.305480987
0.010854587 -0.305769235
0.00856142 -0.307093114
0.008125149 -0.307328373
0.005749227 -0.308486342
0.005318442 -0.308673203
0.002473826 -0.309773058
0.001264561 -0.310260743
0.000636094 -0.310473591
0 -0.310595542
