0 0
0 -0.055485599
0.000265798 -0.055515781
0.000361056 -0.055578291
0.000692662 -0.055678912
0.001412966 -0.055799432
0.004894984 -0.056236289
0.006396148 -0.056529365
0.009565846 -0.057312049
0.012946052 -0.058220357
0.016236257 -0.059250798
0.019536892 -0.06050485
0.02281579 -0.061764129
0.025923302 -0.063215561
0.029167695 -0.064816959
0.032047104 -0.06646461
0.038106382 -0.070545278
0.040750876 -0.072390199
0.043143414 -0.07439325
0.048487764 -0.079495698
0.050667316 -0.081662409
0.052639555 -0.083971277
0.057082519 -0.089884445
0.060465049 -0.094890229
0.063915476 -0.101406723
0.066580065 -0.10684029
0.068559185 -0.112650141
0.07099624 -0.119508274
0.071928293 -0.123515368
0.073417112 -0.130579934
0.074056923 -0.13465555
0.074707769 -0.141789928
0.075210236 -0.150135383
0.075114951 -0.15445973
0.075050905 -0.161374167
0.074742198 -0.165704846
0.07409808 -0.172491089
0.073594294 -0.176818505
0.072894938 -0.181246579
0.071805403 -0.187749714
0.069878124 -0.19668524
0.068433069 -0.202847496
0.065785393 -0.211962819
0.064042956 -0.217736274
0.060674544 -0.227036923
0.056464922 -0.237692326
0.054514889 -0.242373765
0.052551601 -0.246856913
0.050865162 -0.250464618
0.04491353 -0.262779623
0.043091975 -0.266331732
0.041659337 -0.268946797
0.035050485 -0.280944407
0.033547573 -0.283519268
0.026325405 -0.295155108
0.024725899 -0.297664613
0.022961656 -0.300068408
0.018983465 -0.305657327
0.017653981 -0.307155281
0.013101988 -0.312257439
0.011578683 -0.313575566
0.009856421 -0.315032393
0.00896907 -0.315618634
0.00710699 -0.316876113
0.006179129 -0.317378193
0.004149775 -0.318376839
0.003190721 -0.318794101
0.002072735 -0.319187582
0 -0.319821924
