0.001255586 0
0.001155602 -0.00125808
0.000978768 -0.003538006
0.000756707 -0.007081997
0.000284045 -0.014255466
0.00018656 -0.016176455
0.0001091 -0.0196798
0 -0.026085488
0 -0.045800284
0.000328761 -0.046439987
0.000529159 -0.046656106
0.000853131 -0.047095444
0.001363008 -0.047507104
0.001455702 -0.047594175
0.001669585 -0.04772459
0.002102206 -0.0480735
0.002409603 -0.048257761
0.002815079 -0.048523374
0.00347709 -0.048859317
0.003536885 -0.048900202
0.003563142 -0.04891599
0.004190189 -0.049287707
0.00483691 -0.049627207
0.004943087 -0.04967954
0.005053229 -0.04973039
0.006264057 -0.050461169
0.006397456 -0.050520148
0.007519961 -0.051159874
0.00839038 -0.051441394
0.009374089 -0.051820435
0.009893689 -0.052054964
0.010339301 -0.05230777
0.01117801 -0.052685276
0.012259209 -0.053193949
0.01253615 -0.05333348
0.012773771 -0.053460095
0.013477727 -0.053767134
0.014043895 -0.053987101
0.014268823 -0.054074176
0.014713325 -0.054242793
0.015678205 -0.054457936
0.015750542 -0.054486979
0.016031109 -0.054606915
0.025421994 -0.059263192
0.028518006 -0.061112322
0.031037234 -0.062726595
0.034086265 -0.064838886
0.036401533 -0.066549778
0.042224448 -0.07157024
0.046244279 -0.075235598
0.051522568 -0.081291325
0.054757692 -0.085183807
0.059337556 -0.092189759
0.061845016 -0.096181527
0.065580159 -0.104008667
0.067429312 -0.108007319
0.070237383 -0.116494998
0.071502917 -0.120428592
0.07333716 -0.129407525
0.074086264 -0.133211926
0.074980371 -0.142548054
0.075304799 -0.146179944
0.075360224 -0.155761063
0.075364649 -0.159200132
0.074686639 -0.168925613
0.074454412 -0.172169372
0.073131666 -0.181980446
0.072719559 -0.185048327
0.070837125 -0.194893301
0.070287324 -0.197806135
0.067864411 -0.207630277
0.067188784 -0.210408658
0.064216606 -0.220155582
0.063412361 -0.222820684
0.063003138 -0.223829061
0.053639993 -0.246857554
0.050413545 -0.25400278
0.049429994 -0.256243169
0.047965366 -0.259471357
0.042826448 -0.269280463
0.041494936 -0.271823943
0.030339452 -0.290910095
0.027431704 -0.295906484
0.021450119 -0.305162132
0.019869536 -0.307616472
0.016679699 -0.312130868
0.015826842 -0.31333971
0.012307409 -0.317542344
0.011363031 -0.318695724
0.009412494 -0.320593208
0.00889056 -0.32112968
0.00677081 -0.322819531
0.006202908 -0.32331419
0.00387878 -0.324733347
0.003254556 -0.325171173
0.002802638 -0.325426638
0 -0.32639578
