0.005208633 0
0.005162635 -0.00047536
0.004843045 -0.004631054
0.003787383 -0.018362664
0.003802608 -0.018802993
0.004065979 -0.027508831
0.004382302 -0.030410739
0.004605176 -0.032216635
0.004876311 -0.033565182
0.005205813 -0.03520418
0.005480853 -0.03704825
0.005667063 -0.037873309
0.005871149 -0.038604219
0.005996428 -0.039063253
0.006535172 -0.040659465
0.006651405 -0.040971257
0.007240981 -0.042319827
0.007429725 -0.042732246
0.007731387 -0.043312076
0.007855059 -0.043546766
0.008146694 -0.044053882
0.008294386 -0.044312544
0.008568272 -0.044746801
0.008739822 -0.045026366
0.008989253 -0.045389287
0.00918318 -0.045685403
0.009403242 -0.045979809
0.009616626 -0.046287112
0.009804933 -0.04651897
0.010035438 -0.046832457
0.010192945 -0.047010139
0.010440494 -0.047327362
0.010568139 -0.047458984
0.010833009 -0.047778126
0.011017446 -0.047943134
0.011587399 -0.048571255
0.011689539 -0.048646782
0.012163431 -0.049105
0.012492042 -0.049410153
0.012546181 -0.049470726
0.013278235 -0.050086457
0.013463776 -0.05027179
0.014470709 -0.051064909
0.015285515 -0.051766485
0.015902191 -0.052150492
0.017264493 -0.053149596
0.017342919 -0.053194426
0.017822737 -0.053527255
0.018219352 -0.053794187
0.018279377 -0.053838629
0.018741248 -0.054129392
0.018811965 -0.054177482
0.018928716 -0.054249495
0.019379849 -0.05450739
0.022581486 -0.056495566
0.028102068 -0.059440643
0.030402552 -0.060944185
0.033440005 -0.063080087
0.035659511 -0.064757392
0.038523491 -0.067067869
0.042657882 -0.070920058
0.047842409 -0.07600268
0.051495854 -0.080467701
0.055931672 -0.086064912
0.059044063 -0.091059394
0.062722988 -0.097061783
0.065238811 -0.102491453
0.068151318 -0.108799651
0.070024349 -0.114569023
0.072147049 -0.121090524
0.073341526 -0.127104625
0.074651629 -0.133748963
0.075205259 -0.139926672
0.075778566 -0.146612838
0.075789213 -0.152882487
0.075775966 -0.159539118
0.075334236 -0.165841281
0.074861184 -0.172418863
0.074030042 -0.178727806
0.073174506 -0.185219601
0.072008416 -0.191513583
0.070831008 -0.197917446
0.069333166 -0.20416978
0.067836113 -0.210474357
0.065987363 -0.216655269
0.064146735 -0.22284618
0.061002325 -0.230849966
0.059392866 -0.234895259
0.058439601 -0.237244233
0.054529916 -0.246860027
0.050617963 -0.255523384
0.048488844 -0.260013193
0.045157854 -0.266395092
0.041773241 -0.272932291
0.034574661 -0.285373688
0.027254578 -0.298172772
0.023372443 -0.304194599
0.019358365 -0.310402572
0.017282672 -0.313323647
0.015131736 -0.316343486
0.0128901 -0.319118798
0.010601522 -0.322043091
0.009393726 -0.323344857
0.00818463 -0.324757874
0.006898318 -0.325974137
0.00563262 -0.327342212
0.004249861 -0.328447074
0.002914575 -0.329758972
0.002012776 -0.33060956
0 -0.331851155
