0.009584212 0
0.008421855 -0.018232593
0.0084204 -0.018257033
0.008422207 -0.018281033
0.00911468 -0.0275694
0.009339876 -0.028783863
0.010020767 -0.032282043
0.010717606 -0.034635197
0.01139727 -0.03704825
0.011699945 -0.037909672
0.011979161 -0.038692035
0.012451987 -0.039892308
0.012609126 -0.04028178
0.013102154 -0.041377582
0.013284341 -0.041786637
0.013535389 -0.042289946
0.013635164 -0.042498607
0.013883406 -0.04296707
0.013989505 -0.043179683
0.014231242 -0.043611526
0.014343355 -0.043827094
0.014575212 -0.044220995
0.014692734 -0.044438232
0.014911762 -0.04479333
0.015033945 -0.045010637
0.015238817 -0.045328092
0.015365235 -0.045544401
0.01555682 -0.045827884
0.015687687 -0.046043381
0.015866891 -0.046296749
0.016002476 -0.046511769
0.01632701 -0.046940379
0.016614527 -0.0473729
0.016991241 -0.047823291
0.017409682 -0.048406776
0.017740261 -0.048758712
0.018205846 -0.049358677
0.018768875 -0.049872972
0.01986336 -0.051156852
0.020267703 -0.051482271
0.021638395 -0.05287122
0.02176372 -0.052963372
0.022598851 -0.053701196
0.022640044 -0.053729214
0.023103317 -0.054107632
0.023153389 -0.054140963
0.02356841 -0.05446225
0.023626925 -0.05450739
0.023737326 -0.05458929
0.031885672 -0.060322344
0.035546858 -0.063213117
0.036819492 -0.064366549
0.040339991 -0.067481242
0.041537944 -0.068660364
0.048100393 -0.075540185
0.050248872 -0.077965878
0.056061 -0.085635111
0.057882991 -0.088159978
0.062848873 -0.096532322
0.06433887 -0.099141635
0.068362437 -0.108117566
0.069516391 -0.110795394
0.072491422 -0.120247692
0.073304959 -0.12296088
0.075134896 -0.13275601
0.075605154 -0.13546738
0.076360397 -0.145481378
0.076529354 -0.148161024
0.076415747 -0.15827547
0.076356761 -0.160900816
0.075553998 -0.171021983
0.075325713 -0.173581481
0.073936783 -0.183680192
0.073571756 -0.186178356
0.071679525 -0.19623287
0.071202122 -0.198675051
0.068804838 -0.208647847
0.068217345 -0.211036667
0.065275453 -0.220884129
0.064570591 -0.223218888
0.058919273 -0.237638131
0.0552922 -0.246861801
0.054257959 -0.24911508
0.053576961 -0.250552207
0.05017703 -0.257674545
0.04883204 -0.260500193
0.048121732 -0.261872113
0.041933484 -0.273929834
0.040405467 -0.276601493
0.026983498 -0.30016005
0.026160719 -0.30143249
0.018774975 -0.312830806
0.01834053 -0.31344074
0.014428186 -0.319004983
0.013970958 -0.319589168
0.009879419 -0.325029969
0.009641176 -0.325308353
0.007517505 -0.327973574
0.007270918 -0.328240037
0.005088474 -0.330861479
0.004832615 -0.331112742
0.002584937 -0.333685428
0.002077931 -0.334191471
0 -0.33630836
