0.014632252 0
0.014368568 -0.008801444
0.014131842 -0.017949378
0.014841018 -0.025164798
0.015076783 -0.027463827
0.015838221 -0.031391375
0.016005529 -0.032245386
0.016223267 -0.033054292
0.016744141 -0.035051472
0.017300211 -0.03704825
0.017695403 -0.038257457
0.017747294 -0.038404852
0.017783802 -0.038495537
0.018234812 -0.039727606
0.018266188 -0.039798375
0.018754218 -0.041001532
0.018765533 -0.041025359
0.019023186 -0.041615665
0.019031642 -0.041632734
0.019295767 -0.042212207
0.019301055 -0.042222451
0.019570449 -0.042789366
0.019572323 -0.04279286
0.019714648 -0.043080851
0.019844931 -0.043342456
0.019846192 -0.043345269
0.020117115 -0.043869603
0.020121174 -0.043878403
0.020386983 -0.044374216
0.02039399 -0.044388957
0.020654833 -0.044858549
0.020664902 -0.044879146
0.020921314 -0.045324925
0.020934574 -0.045351278
0.021432089 -0.046175744
0.021471279 -0.046250723
0.022113085 -0.047244165
0.022188716 -0.04738085
0.022819147 -0.0482882
0.022919839 -0.048459291
0.024154963 -0.05007109
0.024454381 -0.050538644
0.025677584 -0.051968921
0.026091103 -0.052549947
0.026710087 -0.053216174
0.026955618 -0.053535562
0.027267491 -0.05385657
0.027400693 -0.054023281
0.027582955 -0.054236259
0.028137192 -0.054261368
0.027718754 -0.054372407
0.027853608 -0.05450739
0.032892294 -0.058589805
0.034554597 -0.059719007
0.036670227 -0.061787825
0.040529177 -0.065798931
0.041059498 -0.066418819
0.044830248 -0.070525527
0.045337722 -0.071123205
0.052482199 -0.079739362
0.053388797 -0.08087872
0.059787642 -0.090107702
0.060544241 -0.091217622
0.066014342 -0.101091139
0.066612512 -0.10218066
0.07098455 -0.1126903
0.071423784 -0.113762803
0.074575722 -0.124771945
0.074866585 -0.12581268
0.076701567 -0.137153089
0.076856866 -0.138143763
0.077465512 -0.149675071
0.077511087 -0.150605723
0.077136345 -0.162208706
0.07710427 -0.163075939
0.075958267 -0.17465809
0.075873099 -0.175464422
0.074079163 -0.187000081
0.073956057 -0.187753558
0.071614981 -0.199225694
0.071464919 -0.199933484
0.068588592 -0.21130845
0.068414822 -0.211977482
0.064975746 -0.2232126
0.064777404 -0.223851159
0.0645715 -0.224377275
0.062004551 -0.230908692
0.055731229 -0.246861801
0.051043488 -0.257074893
0.049215101 -0.26093334
0.04425526 -0.270678371
0.042181991 -0.274770081
0.031324338 -0.29371354
0.026734583 -0.301690668
0.020796914 -0.310835928
0.018286016 -0.314711034
0.015184245 -0.319188327
0.013882009 -0.321101367
0.01069313 -0.325509161
0.009361898 -0.327409804
0.007735636 -0.329587013
0.007059659 -0.330533177
0.005414716 -0.332691759
0.004730877 -0.333636254
0.003069893 -0.335775614
0.002377125 -0.336719185
0.000159187 -0.339646876
0 -0.33983478
