0.020220332 0
0.020211427 -9.82e-05
0.02007618 -0.013996167
0.020161936 -0.018680092
0.020943299 -0.025766302
0.021229239 -0.027935788
0.021902701 -0.031470615
0.02246106 -0.033532675
0.023451734 -0.036992669
0.023613645 -0.037424963
0.023765968 -0.037851311
0.024523985 -0.040810689
0.024686947 -0.041235775
0.024770442 -0.041442011
0.024854815 -0.041643247
0.024939544 -0.041838925
0.025024382 -0.042028546
0.025108859 -0.042211667
0.02519282 -0.04238813
0.025276223 -0.042558283
0.025359169 -0.042722438
0.026642725 -0.045595009
0.026816713 -0.045928583
0.027046805 -0.046344608
0.027276199 -0.046733409
0.027737742 -0.047446869
0.031074656 -0.053110514
0.031595048 -0.053843398
0.03185606 -0.054183576
0.031981729 -0.054340787
0.032049168 -0.054425277
0.032091673 -0.054478165
0.032115288 -0.05450739
0.032115735 -0.05450739
0.032115441 -0.05450739
0.036407277 -0.059230123
0.039481398 -0.063621409
0.041817065 -0.066512614
0.044189274 -0.069390096
0.047556814 -0.073516972
0.052176829 -0.079353653
0.055420734 -0.083518967
0.059635807 -0.089648373
0.062506035 -0.094003208
0.06612581 -0.100513272
0.068470456 -0.105124332
0.071334586 -0.112059608
0.073069952 -0.116915159
0.075113744 -0.124179669
0.076233529 -0.129177108
0.077423595 -0.13664037
0.077948719 -0.141685173
0.07834325 -0.149250746
0.078356311 -0.154287845
0.07808695 -0.16188556
0.077677615 -0.166871741
0.076867335 -0.174447373
0.075607881 -0.182008088
0.07385049 -0.19175221
0.072233647 -0.199237511
0.070274562 -0.206671581
0.067588724 -0.216119617
0.065291554 -0.22345078
0.061759677 -0.232591659
0.058966305 -0.239736333
0.057780009 -0.242767528
0.057312585 -0.243956849
0.056170259 -0.246861801
0.054136857 -0.251291931
0.045910075 -0.268476814
0.043705404 -0.272827864
0.034483254 -0.289502203
0.029620687 -0.297953606
0.019420795 -0.314056545
0.016770503 -0.318146795
0.015400555 -0.320159316
0.014005288 -0.322151333
0.013299369 -0.32313931
0.012588699 -0.324120671
0.011873938 -0.325093806
0.00072437 -0.340587109
0 -0.341442138
