0.026574012 0
0.026351051 -0.002856554
0.026333999 -0.009818039
0.026441194 -0.015672913
0.026991175 -0.022603584
0.027372958 -0.025500244
0.028530736 -0.032351702
0.029294675 -0.035174035
0.02971117 -0.036799964
0.031518109 -0.043525163
0.032203913 -0.045059975
0.03391026 -0.047956102
0.036450762 -0.05450739
0.039407689 -0.060179558
0.042004321 -0.063888758
0.044874679 -0.067406349
0.052129798 -0.077981286
0.054915067 -0.081557691
0.060257044 -0.089559905
0.062737212 -0.093322925
0.067377858 -0.101737313
0.069415823 -0.105745256
0.073010981 -0.114703983
0.074527718 -0.118947782
0.076897584 -0.128322899
0.077881321 -0.132713169
0.078941569 -0.142318055
0.079405338 -0.146773458
0.079416953 -0.151252419
0.079300851 -0.16092056
0.078935131 -0.165375426
0.077840447 -0.174984336
0.076255679 -0.183771327
0.074415423 -0.193274006
0.072033226 -0.202663288
0.069598027 -0.211229607
0.066741459 -0.220484108
0.063440681 -0.229603902
0.06023759 -0.23789385
0.056574035 -0.246861801
0.051377378 -0.257717073
0.047664553 -0.265959352
0.046558402 -0.268318534
0.045410596 -0.270663351
0.044223297 -0.272993982
0.035266533 -0.289188474
0.034045864 -0.291497439
0.032788724 -0.293792754
0.03149562 -0.296073854
0.030164056 -0.298337728
0.028793599 -0.300582558
0.018913217 -0.316181064
0.017517656 -0.318407804
0.016096272 -0.320624709
0.014615383 -0.322803944
0.003843261 -0.337772757
0.003067019 -0.338834375
0.002251748 -0.339866817
0.001384152 -0.340859085
0.001383465 -0.340859801
0.001382734 -0.340860546
0.001382018 -0.340861261
0.001381286 -0.340862006
0.001380568 -0.340862751
0.001379835 -0.340863496
0.001379116 -0.340864211
0.001378382 -0.340864956
0.00137769 -0.340865672
0.001376955 -0.340866417
0.001375497 -0.340867907
0.001374037 -0.340869397
0.001372604 -0.340870887
0.001371139 -0.340872377
0.001369672 -0.340873867
0.001368202 -0.340875357
0.001366774 -0.340876818
0.0013653 -0.340878338
0.001363824 -0.340879828
0.001360893 -0.340882838
0.001357924 -0.340885848
0.001354975 -0.340888858
0.001351986 -0.340891898
0.001349018 -0.340894938
0.00134601 -0.340898007
0.001343023 -0.340901047
0.001339996 -0.340904146
0.001336989 -0.340907216
0.001333943 -0.340910316
0.001330916 -0.340913415
0.001324804 -0.340919644
0.001318651 -0.340925932
0.001312474 -0.34093222
0.001306241 -0.340938568
0.001299967 -0.340944976
0.001293651 -0.340951413
0.001287294 -0.34095791
0.001280894 -0.340964437
0.001274451 -0.340970993
0.001267966 -0.340977609
0.001261452 -0.340984255
0.001254879 -0.340990961
0.001248262 -0.340997696
0.001241599 -0.341004491
0.001234892 -0.341011316
0.001228138 -0.3410182
0.001221338 -0.341025114
0.001207598 -0.341039121
0.001193718 -0.341053277
0.001179592 -0.341067672
0.001165268 -0.341082245
0.001150759 -0.341097027
0.001136024 -0.341112047
0.001121078 -0.341127247
0.001105916 -0.341142684
0.001090533 -0.34115833
0.001074942 -0.341174215
0.001059102 -0.341190338
0.001043026 -0.34120667
0.00102671 -0.34122327
0.001010166 -0.341240108
0.00099335 -0.341257215
0.000976317 -0.34127453
0.00095898 -0.341292173
0.000941394 -0.341310054
0.000923511 -0.341328233
0.000905345 -0.341346681
0.00088689 -0.341365457
0.00086816 -0.3413845
0.000849105 -0.341403842
0.000829739 -0.341423512
0.000810054 -0.341443509
0.00076972 -0.341484487
0.000727991 -0.341526866
0.000684893 -0.341570616
0.000640205 -0.341615975
0.000593942 -0.341662943
0.000545968 -0.341711611
0.000496241 -0.341762036
0 -0.341800004
