0.033719044 0
0.033499748 -0.001915508
0.033486761 -0.007196118
0.033257123 -0.012609879
0.033674922 -0.017876267
0.033844553 -0.023282353
0.034726862 -0.028504297
0.035310175 -0.033867732
0.036692914 -0.03901463
0.037703626 -0.044298675
0.039893523 -0.050409973
0.04108436 -0.05450739
0.04248945 -0.058030229
0.045235958 -0.063371494
0.05089549 -0.071619533
0.055580832 -0.079930834
0.05973905 -0.086158462
0.063339897 -0.092360057
0.06693656 -0.098880358
0.070166007 -0.105304651
0.072938807 -0.112213276
0.075520806 -0.118974172
0.077339977 -0.126170084
0.079086065 -0.133215845
0.079896398 -0.140556186
0.080684401 -0.147787824
0.080596022 -0.155153781
0.080484435 -0.162451401
0.079653256 -0.169748321
0.078764074 -0.177004188
0.077369809 -0.18420428
0.07589253 -0.191385165
0.074093208 -0.1984777
0.072205983 -0.205571696
0.07005249 -0.212548926
0.067816876 -0.21955213
0.065335765 -0.226407722
0.062785499 -0.23331809
0.059438229 -0.241376087
0.057196695 -0.246861801
0.055843029 -0.249814287
0.051956169 -0.258442909
0.049427073 -0.26383689
0.046802733 -0.26919809
0.044088103 -0.274526834
0.040825319 -0.280426204
0.038034383 -0.285705358
0.035160072 -0.290953338
0.032203522 -0.296168894
0.029159041 -0.301344991
0.02602564 -0.306477517
0.022469679 -0.31209144
0.019278878 -0.31718266
0.016029036 -0.32225135
0.01264314 -0.32723397
0.008787208 -0.33259213
0.007012414 -0.33501941
0.005148383 -0.337379992
0.003164717 -0.339648664
0.003164471 -0.339648932
0.00316421 -0.3396492
0.003163954 -0.339649469
0.003163692 -0.339649737
0.003163436 -0.339649975
0.003163174 -0.339650244
0.003162917 -0.339650512
0.003162654 -0.33965078
0.003162407 -0.339651048
0.003162144 -0.339651316
0.003161623 -0.339651823
0.003161102 -0.339652359
0.003160589 -0.339652896
0.003160066 -0.339653432
0.003159541 -0.339653969
0.003159016 -0.339654505
0.003158506 -0.339655012
0.003157979 -0.339655548
0.003157452 -0.339656085
0.003156404 -0.339657158
0.003155343 -0.33965826
0.003154289 -0.339659333
0.003153221 -0.339660406
0.00315216 -0.339661509
0.003151085 -0.339662582
0.003150017 -0.339663684
0.003148936 -0.339664787
0.003147861 -0.33966589
0.003146772 -0.339666992
0.00314569 -0.339668095
0.003143506 -0.33967033
0.003141307 -0.339672565
0.003139099 -0.33967483
0.003136872 -0.339677095
0.003134629 -0.33967939
0.003132372 -0.339681685
0.0031301 -0.33968401
0.003127812 -0.339686334
0.00312551 -0.339688689
0.003123192 -0.339691043
0.003120864 -0.339693397
0.003118515 -0.339695811
0.00311615 -0.339698225
0.003113769 -0.339700639
0.003111372 -0.339703083
0.003108958 -0.339705557
0.003106527 -0.33970803
0.003101617 -0.339713037
0.003096656 -0.339718074
0.003091608 -0.339723229
0.003086488 -0.339728445
0.003081303 -0.33973372
0.003076037 -0.339739084
0.003070695 -0.339744508
0.003065276 -0.339750022
0.003059778 -0.339755625
0.003054206 -0.339761317
0.003048545 -0.339767069
0.0030428 -0.33977291
0.003036968 -0.339778841
0.003031055 -0.339784861
0.003025045 -0.33979097
0.003018958 -0.339797169
0.003012762 -0.339803457
0.003006476 -0.339809865
0.003000085 -0.339816362
0.002993593 -0.339822948
0.002986997 -0.339829654
0.002980303 -0.339836448
0.002973492 -0.339843363
0.002966571 -0.339850396
0.002959536 -0.339857548
0.002945121 -0.339872181
0.002930207 -0.339887351
0.002914804 -0.339902997
0.002898833 -0.33991918
0.002882299 -0.339935958
0.002865153 -0.339953363
0.00284738 -0.339971393
0.002828927 -0.339990109
0.002809794 -0.340009511
0.002789878 -0.340029716
0.002769176 -0.340050697
0.002747618 -0.340072542
0.002725173 -0.340095282
0.002702027 -0.340118706
0.002677926 -0.340143144
0.002652742 -0.340168625
0.002626456 -0.340195239
0.002598922 -0.340223104
0.002570111 -0.34025228
0.002539949 -0.340282798
0.00250827 -0.340314865
0.002474975 -0.340348542
0.002440013 -0.340383887
0.002403158 -0.34042117
0.002364334 -0.34046042
0.002323294 -0.340501934
0.002279866 -0.340545803
0.002233932 -0.340592235
0.002185141 -0.340641558
0.002133274 -0.340693951
0.002078059 -0.340749741
0.002019101 -0.340809315
0.001956041 -0.340873003
0.001815809 -0.341014624
0.001652963 -0.341179043
0.001461513 -0.341372341
0.001233029 -0.341602921
0 -0.341800004
