0.041585136 0
0.041450419 -0.000819417
0.041151632 -0.007834313
0.040785432 -0.011642836
0.041004874 -0.018682985
0.040899284 -0.022484256
0.041661926 -0.029513778
0.041824684 -0.03328348
0.043157876 -0.040267114
0.043596864 -0.04397862
0.046168067 -0.054501723
0.046169259 -0.05450739
0.046170693 -0.05451218
0.049684368 -0.063603573
0.056054704 -0.074903727
0.058642317 -0.080711298
0.063528836 -0.089123398
0.065625645 -0.093427896
0.069980837 -0.102087669
0.071939178 -0.106499687
0.075394899 -0.115545318
0.077016033 -0.120145567
0.079335317 -0.129501969
0.080464676 -0.134281889
0.081504077 -0.143817708
0.082026407 -0.14873594
0.081880428 -0.158299029
0.081801094 -0.163277239
0.080642276 -0.17273584
0.080017172 -0.177698031
0.078100428 -0.187016904
0.077060051 -0.191937894
0.07462132 -0.201106563
0.073295668 -0.205977246
0.070418127 -0.214992732
0.06885463 -0.219812095
0.065584749 -0.228673652
0.063809492 -0.233441606
0.058347125 -0.246443376
0.058175877 -0.246861801
0.055824846 -0.252370954
0.055095434 -0.25409776
0.05233971 -0.259978265
0.051718883 -0.261273116
0.048868809 -0.267098695
0.048219673 -0.268389553
0.045281172 -0.274160862
0.044605494 -0.275448143
0.041583631 -0.281165928
0.040883195 -0.282450169
0.037781421 -0.288115382
0.037057951 -0.28939721
0.033877738 -0.295009196
0.033132099 -0.296288759
0.029867422 -0.301840812
0.029097408 -0.303114921
0.025746815 -0.30860433
0.024951709 -0.309871018
0.021539178 -0.315316558
0.020727195 -0.316582233
0.017260168 -0.321990073
0.016433876 -0.323256612
0.012829072 -0.328561544
0.011958534 -0.329803258
0.010068002 -0.332388788
0.009603015 -0.332988679
0.007619095 -0.335501164
0.007120834 -0.336075246
0.00501102 -0.338488281
0.004466848 -0.339024991
0.00179255 -0.341644794
0.001705866 -0.341715664
0.001613903 -0.341790825
0 -0.341800004
