0.050093815 0
0.049255751 -0.008674605
0.048912313 -0.010851193
0.048663117 -0.019672528
0.048463404 -0.021822466
0.048841499 -0.030686375
0.048789941 -0.032794714
0.049833018 -0.041658256
0.04993372 -0.043709315
0.050541751 -0.047649678
0.051982775 -0.05450739
0.053778559 -0.060508076
0.054686461 -0.063748255
0.061139222 -0.078238562
0.062179722 -0.081340455
0.067397758 -0.092046164
0.068302453 -0.094346166
0.073128954 -0.10521096
0.074021183 -0.107565194
0.077968627 -0.118758075
0.078740105 -0.121211573
0.081456639 -0.132700965
0.082014211 -0.135260925
0.083256572 -0.146948084
0.083522722 -0.149603844
0.08333686 -0.161314979
0.083292522 -0.164026171
0.08183521 -0.175600275
0.081491344 -0.178323627
0.079083167 -0.18971771
0.078505695 -0.192436457
0.075457685 -0.20363833
0.074717142 -0.206345841
0.071145549 -0.217357576
0.070268378 -0.220052406
0.06623859 -0.230877846
0.065238677 -0.23355937
0.062978439 -0.23890087
0.059720378 -0.246861801
0.059109848 -0.248292461
0.056644417 -0.254129082
0.055312447 -0.256971419
0.053222016 -0.261331439
0.051847823 -0.264140278
0.049670205 -0.268470645
0.048256841 -0.271246552
0.045998689 -0.275548667
0.044548828 -0.27829203
0.042216659 -0.282567978
0.040732168 -0.285279304
0.038331993 -0.289531946
0.03681374 -0.292211115
0.034348819 -0.296441078
0.032794043 -0.2990852
0.030257123 -0.303282976
0.02866517 -0.305891126
0.02605368 -0.310051501
0.024435848 -0.312633157
0.021776525 -0.316778421
0.020136166 -0.31933704
0.017436778 -0.323474646
0.015734307 -0.325980067
0.012896353 -0.330028027
0.012004847 -0.33124727
0.010490248 -0.333201289
0.009555292 -0.334385335
0.00793348 -0.336253911
0.006939701 -0.337390512
0.005169448 -0.339136541
0.003910298 -0.340370029
0.003869484 -0.340403408
0.003826184 -0.340438813
0.003780114 -0.340476424
0.003731084 -0.340516478
0.003678744 -0.340559185
0.00362278 -0.340604812
0.003562739 -0.340653777
0.003498269 -0.340706289
0.003428806 -0.340762883
0.00335369 -0.340824038
0.00327234 -0.340890229
0.003183853 -0.340962201
0.003087304 -0.34104073
0.00298143 -0.34112677
0.002865007 -0.341221362
0.002736244 -0.341325969
0.002593077 -0.341442198
0.002433038 -0.341572106
0.002252968 -0.341718256
0 -0.341800004
