0.059265375 0
0.057684358 -0.009960502
0.057608649 -0.010229146
0.056592669 -0.021053683
0.05654015 -0.021291424
0.056262679 -0.032191817
0.056231312 -0.032395937
0.056756239 -0.043318544
0.056742981 -0.043486662
0.056770351 -0.04397165
0.058241613 -0.05450739
0.060191922 -0.063585691
0.060236432 -0.063824862
0.066184089 -0.081585318
0.066242017 -0.08182992
0.071391381 -0.094913378
0.071451828 -0.095112048
0.076433755 -0.108240768
0.076510556 -0.10848739
0.080716796 -0.121846028
0.08079984 -0.122154042
0.083767839 -0.135761365
0.083839722 -0.136135489
0.085225828 -0.149938881
0.085264906 -0.150377586
0.085040823 -0.164194718
0.08503142 -0.164688006
0.083309136 -0.17833963
0.083242118 -0.178873271
0.080389611 -0.192309082
0.080270536 -0.192874879
0.076660298 -0.206079185
0.076499075 -0.206672862
0.072276205 -0.219650403
0.072075754 -0.220269442
0.067320332 -0.233025923
0.06708122 -0.233668819
0.066674009 -0.234627202
0.061646994 -0.246861801
0.058509879 -0.253562838
0.05825635 -0.254162848
0.054896753 -0.261179179
0.054789189 -0.26139459
0.051304623 -0.268332422
0.05118487 -0.268558949
0.047587175 -0.275421053
0.047455087 -0.275658637
0.043755669 -0.282448649
0.043611243 -0.282697171
0.039820381 -0.289420277
0.039663848 -0.289679706
0.035787232 -0.296337873
0.035618916 -0.296607912
0.031645328 -0.303187609
0.031465195 -0.303467125
0.027390487 -0.309962392
0.027198829 -0.310250282
0.023064209 -0.316698313
0.0228626 -0.316995203
0.018679092 -0.323410004
0.018467382 -0.323714703
0.014081205 -0.329972625
0.013850085 -0.330273002
0.011513111 -0.333288461
0.011386702 -0.333431244
0.00888665 -0.336311936
0.008749013 -0.33644551
0.00602222 -0.33913523
0.005869959 -0.339255273
0.00293173 -0.341649801
0.000167341 -0.341800004
0 -0.341800004
