0.069302827 0
0.068530224 -0.004867439
0.067123808 -0.009858021
0.066553056 -0.015938981
0.065444894 -0.020955224
0.065288305 -0.027106756
0.06451638 -0.032129835
0.064813919 -0.038321003
0.06441877 -0.043330915
0.064951785 -0.052774917
0.064946756 -0.05450739
0.06572707 -0.060048398
0.066434458 -0.063849464
0.067267545 -0.066337168
0.071016788 -0.082168318
0.071765445 -0.084070504
0.075300135 -0.095689036
0.076021679 -0.097590499
0.079641841 -0.109215863
0.080237761 -0.111108445
0.083422825 -0.12292131
0.083830833 -0.12479192
0.086149484 -0.136860043
0.086333714 -0.138694614
0.087431453 -0.151019603
0.087402672 -0.152794048
0.087165676 -0.165232792
0.086951658 -0.166929215
0.08539509 -0.179323554
0.085051075 -0.180943906
0.082464352 -0.193234861
0.082040876 -0.194783702
0.078738391 -0.206944942
0.078256302 -0.208426476
0.074361488 -0.220454454
0.073832899 -0.221872419
0.069409594 -0.233765289
0.067700356 -0.237788022
0.063944153 -0.246861801
0.06334199 -0.248172626
0.060781803 -0.25423187
0.058890436 -0.2581819
0.057221744 -0.261523247
0.055264249 -0.265420675
0.053510491 -0.268738449
0.051493797 -0.272585005
0.049661685 -0.275880486
0.047592454 -0.279678404
0.045689035 -0.28295359
0.043573275 -0.286705941
0.041606478 -0.289965332
0.039447572 -0.293673277
0.037423942 -0.296919972
0.035215747 -0.300576419
0.033135086 -0.303805292
0.030875375 -0.307407379
0.028738938 -0.310616344
0.026450461 -0.314185262
0.024272181 -0.317393214
0.021960756 -0.320937455
0.019733967 -0.324142098
0.017314348 -0.32759428
0.014935752 -0.330685556
0.01364823 -0.332346886
0.012358775 -0.333803236
0.010982095 -0.335389525
0.00958802 -0.336742401
0.008087121 -0.338222891
0.006553612 -0.339431763
0.004936894 -0.340749323
0.001170503 -0.341800004
0 -0.341800004
