0.079312511 0
0.076638959 -0.009486895
0.076513439 -0.010824278
0.074349642 -0.020619024
0.074313931 -0.022021698
0.072801448 -0.031863738
0.072871596 -0.033323459
0.072094567 -0.043175168
0.072224133 -0.045470934
0.072197899 -0.05450739
0.072384514 -0.05583258
0.073177107 -0.063854769
0.074444011 -0.069223471
0.076453865 -0.082395256
0.077684097 -0.086437665
0.079843067 -0.096104048
0.081099913 -0.100133292
0.083447047 -0.109762833
0.084535107 -0.113789707
0.086669639 -0.123515122
0.087444596 -0.127538666
0.089018643 -0.137431994
0.089377157 -0.141441926
0.090092912 -0.151527748
0.0900186 -0.155476749
0.08974912 -0.165660501
0.089266896 -0.169505417
0.087984353 -0.1796747
0.087199219 -0.183407769
0.085102648 -0.193516105
0.084119551 -0.197138116
0.081434749 -0.207160622
0.080296867 -0.210676149
0.077111974 -0.22060509
0.075842708 -0.224019036
0.072200477 -0.233846471
0.067221336 -0.245541185
0.066674642 -0.246861801
0.063880019 -0.252945334
0.063307256 -0.254300922
0.062884115 -0.255184591
0.059654303 -0.261651933
0.059223879 -0.262508929
0.055836115 -0.268917918
0.05540042 -0.269748956
0.051868286 -0.276102334
0.051429238 -0.276908159
0.047766827 -0.283210039
0.04732617 -0.283991575
0.043549106 -0.290250927
0.043107908 -0.291008711
0.039228965 -0.297232032
0.038786162 -0.297965229
0.034804981 -0.304143459
0.034360263 -0.304852366
0.03027905 -0.310982406
0.029836712 -0.31167224
0.025681764 -0.317791194
0.025242418 -0.318464875
0.021000551 -0.324569523
0.020547491 -0.325215906
0.016021421 -0.331098109
0.015783349 -0.331405282
0.013330849 -0.334175199
0.013077541 -0.334467083
0.010427026 -0.337039292
0.010152022 -0.337310553
0.007237265 -0.339608282
0.006942058 -0.339848876
0.002173665 -0.341800004
0 -0.341800004
