0.089841686 0
0.088157058 -0.005937847
0.086847313 -0.009323593
0.085121386 -0.017067224
0.084010005 -0.020441892
0.082779653 -0.028345015
0.081889555 -0.031703219
0.081240252 -0.039734025
0.080594555 -0.043070789
0.08001817 -0.049628664
0.080059528 -0.05450739
0.080363579 -0.058587845
0.080447935 -0.063849628
0.081702903 -0.072131842
0.082548328 -0.082527123
0.083935939 -0.088741846
0.085084692 -0.0963737
0.086593434 -0.102551945
0.087937884 -0.110143147
0.089293897 -0.116304278
0.090558857 -0.123947732
0.091541961 -0.130104512
0.092470296 -0.137861267
0.092909627 -0.144012541
0.093272425 -0.151911303
0.09311343 -0.157995895
0.092799671 -0.165980265
0.092049792 -0.171937272
0.091017231 -0.179935113
0.089812674 -0.185747966
0.088179581 -0.193725184
0.086663336 -0.1993891
0.084569782 -0.207324222
0.082800478 -0.212842986
0.08029867 -0.220723271
0.078306846 -0.226100057
0.075418174 -0.233912468
0.072122552 -0.241645247
0.069936238 -0.246861801
0.068528444 -0.249829635
0.066353984 -0.254395276
0.064913593 -0.257283509
0.062590808 -0.261829734
0.061106544 -0.264641464
0.058644231 -0.269168377
0.057124022 -0.271906346
0.054531205 -0.276414216
0.052983005 -0.279081434
0.050269503 -0.283572018
0.048701584 -0.286173344
0.04588009 -0.290654302
0.044298783 -0.293193936
0.041382141 -0.297671825
0.039787859 -0.300148129
0.036784232 -0.30462113
0.035177816 -0.307035834
0.032094114 -0.311504304
0.030485008 -0.313875556
0.027325938 -0.318360746
0.025707323 -0.320691407
0.022443689 -0.325173974
0.020738529 -0.327390969
0.017206043 -0.331666529
0.016290326 -0.332700998
0.014357251 -0.334677279
0.013371632 -0.335633963
0.011278462 -0.337430745
0.010198231 -0.338282406
0.007901689 -0.339835405
0.006604549 -0.340322226
0.003176828 -0.341800004
0 -0.341800004
