0.100785308 0
0.10046158 -0.001141043
0.097327828 -0.009241888
0.096675761 -0.01216749
0.093987107 -0.02033144
0.09351328 -0.02337509
0.091335952 -0.031589806
0.091081373 -0.034738518
0.089484483 -0.042990711
0.088904902 -0.049584989
0.088362612 -0.05450739
0.088160709 -0.058374744
0.088244669 -0.063836955
0.089139625 -0.075007178
0.089287512 -0.082579173
0.090547308 -0.090963118
0.091013439 -0.096518353
0.09249182 -0.104851373
0.093110412 -0.110377468
0.094488256 -0.11867521
0.095095605 -0.124236777
0.096091703 -0.132517979
0.096517958 -0.138161555
0.096902154 -0.146431357
0.096989639 -0.152181506
0.096671142 -0.160372421
0.096338272 -0.16620183
0.095302485 -0.174243763
0.094509177 -0.180112794
0.092900105 -0.187981889
0.09170156 -0.193867892
0.089675367 -0.201553881
0.088141389 -0.207439139
0.085761175 -0.214941189
0.083913058 -0.220810354
0.081208847 -0.228127792
0.079050995 -0.23396349
0.076017387 -0.241084561
0.073692791 -0.246861801
0.071829505 -0.250374287
0.069859996 -0.254513621
0.067802563 -0.258544683
0.065965623 -0.262053728
0.063830435 -0.265983194
0.06186682 -0.269484967
0.059665438 -0.273316026
0.057581358 -0.276809245
0.055325639 -0.280545831
0.053128451 -0.284030944
0.050831884 -0.287681609
0.048532616 -0.291164964
0.046207432 -0.294737846
0.043819007 -0.298226118
0.041472442 -0.301723212
0.039009124 -0.305219561
0.036646079 -0.308645874
0.03411812 -0.312153786
0.031740654 -0.315531015
0.029137341 -0.319060594
0.026720613 -0.322381377
0.02400138 -0.32590121
0.021420775 -0.329025835
0.018443776 -0.332333326
0.017043849 -0.333764821
0.015404737 -0.33525753
0.01389526 -0.336553484
0.012122509 -0.337876052
0.010472203 -0.338992208
0.00853847 -0.340089768
0.006635789 -0.340799451
0.00559319 -0.341190726
0.00417999 -0.341800004
0 -0.341800004
