0.111867301166 0
0.108987562358 -0.00740152364597
0.108124561608 -0.00923944450915
0.105051144958 -0.0185044594109
0.104311190546 -0.020283985883
0.101765416563 -0.029799407348
0.101152040064 -0.0315204672515
0.0992409363389 -0.0412696860731
0.0987560302019 -0.0429335907102
0.098225183785 -0.0454176329076
0.0971083045006 -0.0545073896646
0.0969748795033 -0.0556832887232
0.0965655967593 -0.0638177841902
0.0968203395605 -0.0778134018183
0.0966507345438 -0.0825674086809
0.0975293070078 -0.0930937901139
0.0976061820984 -0.0965615287423
0.0987805873156 -0.107042275369
0.0989489033818 -0.110490739346
0.100093051791 -0.120925493538
0.100274197757 -0.124403953552
0.1010658741 -0.134805515409
0.10116609931 -0.138349860907
0.101329796016 -0.148721680045
0.101257644594 -0.152352139354
0.100675977767 -0.1626265347
0.100381433964 -0.166336804628
0.0990191921592 -0.176443323493
0.0984723418951 -0.180217087269
0.0964575186372 -0.190126389265
0.0956721305847 -0.193951129913
0.0931473299861 -0.203647330403
0.092144921422 -0.207509562373
0.0891636759043 -0.216984316707
0.0879445448518 -0.220868140459
0.084528490901 -0.230112150311
0.0830855071545 -0.233999863267
0.0818539634347 -0.23687940836
0.0778373330832 -0.246861800551
0.0746826827526 -0.252808660269
0.0738155692816 -0.254658490419
0.0704643279314 -0.261069864035
0.069771386683 -0.262329429388
0.0662515759468 -0.268615454435
0.0654986724257 -0.269876301289
0.0618270076811 -0.276039063931
0.0610156320035 -0.27729934454
0.0572103187442 -0.283343374729
0.0563425533473 -0.284602165222
0.0524268224835 -0.290542155504
0.0515067130327 -0.29180085659
0.0475051105022 -0.297652184963
0.0465384311974 -0.298913240433
0.0424755327404 -0.304686099291
0.0414722599089 -0.305953264236
0.0373638570309 -0.311659246683
0.0363305881619 -0.312935113907
0.0321568734944 -0.318597793579
0.0310802608728 -0.319878160954
0.0267721600831 -0.325457602739
0.0256268568337 -0.326717853546
0.0209556668997 -0.331909716129
0.019687615335 -0.333051949739
0.0171299036592 -0.335381597281
0.0164319034666 -0.335870027542
0.013673869893 -0.33792796731
0.0129257244989 -0.338336497545
0.00992476195097 -0.340040057898
0.00912242103368 -0.340347617865
0.00559964217246 -0.341666936874
0.00495788827538 -0.341800004244
0 -0.341800004244
