0.123576201499 0
0.122470319271 -0.00284235342406
0.119410164654 -0.00935953482985
0.117937073112 -0.0138002624735
0.115216851234 -0.0203421264887
0.113980650902 -0.0249627381563
0.111639671028 -0.031531188637
0.110700130463 -0.0363241359591
0.108777463436 -0.0429215803742
0.106672629714 -0.0527709051967
0.106459259987 -0.0545073896646
0.105796597898 -0.0603473819792
0.105409361422 -0.0637931227684
0.104787886143 -0.0805332362652
0.104616776109 -0.082508251071
0.104888752103 -0.0951356738806
0.104839108884 -0.0965273603797
0.10545334965 -0.109137035906
0.105437412858 -0.110508538783
0.106095470488 -0.12307421118
0.106089115143 -0.124471373856
0.106449462473 -0.136987924576
0.106419570744 -0.138443380594
0.10617917031 -0.150903120637
0.106090046465 -0.152437150478
0.105117157102 -0.164776906371
0.104946039617 -0.16639688611
0.10319018364 -0.178552150726
0.102919198573 -0.180257439613
0.100472092628 -0.192195892334
0.100095070899 -0.19398188591
0.0970619991422 -0.205682054162
0.0965757742524 -0.207539781928
0.0929871797562 -0.21898201108
0.0923826098442 -0.220898509026
0.0882415995002 -0.232062831521
0.0875081494451 -0.234021961689
0.0849170312285 -0.239896938205
0.0826752409339 -0.245138600469
0.0819818750024 -0.246861800551
0.0814373120666 -0.247888371348
0.0781838074327 -0.254829078913
0.0765250325203 -0.25800254941
0.0739657655358 -0.26265463233
0.0722318068147 -0.265751302242
0.0694929584861 -0.270337879658
0.0676927119493 -0.273359537125
0.064784064889 -0.277877420187
0.0629270672798 -0.280826926231
0.0598602332175 -0.285275697708
0.0579583607614 -0.288160771132
0.0547507181764 -0.292548775673
0.0528162717819 -0.2953774333
0.0494900122285 -0.299716621637
0.0475350357592 -0.302494376898
0.0441249534488 -0.306801468134
0.0421570055187 -0.309534668922
0.0386846922338 -0.313822239637
0.0366941317916 -0.316522926092
0.03311246261 -0.320782512426
0.0310658831149 -0.323433041573
0.0272874459624 -0.327590733767
0.0250756964087 -0.330049008131
0.0209192633629 -0.33379304409
0.0197112839669 -0.334893286228
0.0174289494753 -0.33649045229
0.0161276049912 -0.337461441755
0.0136862741783 -0.338794529438
0.0122714499012 -0.339597672224
0.00965772662312 -0.340599626303
0.00799811352044 -0.341221183538
0.00520638097078 -0.341800004244
0 -0.341800004244
