0.135243266821 0
0.130941674113 -0.00912004895508
0.130747258663 -0.00948892813176
0.126292333007 -0.0201418846846
0.126165926456 -0.0204066187143
0.122224368155 -0.0313863568008
0.12215705961 -0.0315451100469
0.118829160929 -0.0428577139974
0.118809886277 -0.0429102294147
0.11875526607 -0.0431155376136
0.11633246392 -0.0545073896646
0.114823840559 -0.0634670779109
0.114790476859 -0.063763923943
0.114775173366 -0.0641761124134
0.113194726408 -0.0824180617929
0.113206669688 -0.0829724147916
0.112726308405 -0.0964392796159
0.112757943571 -0.0970887392759
0.112602673471 -0.110454685986
0.112638346851 -0.111135929823
0.112577743828 -0.124458327889
0.112596921623 -0.125124320388
0.112323090434 -0.138456329703
0.112311214209 -0.13907186687
0.111534133554 -0.152447625995
0.111491732299 -0.152985394001
0.110075615346 -0.166391700506
0.110011816025 -0.166833326221
0.107881091535 -0.180241852999
0.107811979949 -0.180579021573
0.104985937476 -0.193966209888
0.104925893247 -0.194197818637
0.101435527205 -0.207533568144
0.101394444704 -0.207664549351
0.0972182378173 -0.220903292298
0.0972039029002 -0.220941931009
0.0949025005102 -0.227089256048
0.0923221632838 -0.233986705542
0.0923056527972 -0.234030172229
0.0922945216298 -0.234055936337
0.0869177505374 -0.246861800551
0.0826117098331 -0.254913628101
0.0825677812099 -0.255000799894
0.078242406249 -0.262878209352
0.0781819149852 -0.26298302412
0.0735988542438 -0.270671755075
0.0735139846802 -0.270805478096
0.0686943382025 -0.278304517269
0.0685830935836 -0.278464913368
0.0635504201055 -0.285777449608
0.0634111389518 -0.285962462425
0.0581974834204 -0.293106019497
0.0580289959908 -0.293313622475
0.0526727065444 -0.300311475992
0.052474655211 -0.300539761782
0.0470323674381 -0.307422757149
0.0468061901629 -0.307670414448
0.0413114614785 -0.31446275115
0.0410585515201 -0.314728021622
0.03543452546 -0.321422070265
0.0351521968842 -0.321699082851
0.0292585156858 -0.3281878829
0.0289422627538 -0.328464835882
0.0224931742996 -0.334276020527
0.0221350863576 -0.334524869919
0.0186038762331 -0.336996108294
0.0184078067541 -0.33709871769
0.0146367987618 -0.33915796876
0.014428075403 -0.339240401983
0.0103965485469 -0.340785980225
0.0101751964539 -0.340843170881
0.0099697522819 -0.340863883495
0.00545487366617 -0.341800004244
0.000299031264149 -0.341800004244
0 -0.341800004244
