0.147545307875 0
0.145320251584 -0.00471748923883
0.142680540681 -0.00972604192793
0.140229329467 -0.0155875571072
0.137846514583 -0.0205781515688
0.13565723598 -0.026676658541
0.133547455072 -0.0316528603435
0.131682261825 -0.0379932709038
0.129859447479 -0.0429595969617
0.127517446876 -0.0517623089254
0.126638814807 -0.0545073896646
0.125267580152 -0.0608442313969
0.124774262309 -0.0637311190367
0.124506160617 -0.0667702406645
0.122401148081 -0.0823187306523
0.122308559716 -0.0848570242524
0.12127405405 -0.0963295847178
0.121242471039 -0.0989785268903
0.120461113751 -0.110362626612
0.12044916302 -0.113058149815
0.119775846601 -0.124392554164
0.119721636176 -0.127084627748
0.118934340775 -0.13840816915
0.118781901896 -0.141057223082
0.117668263614 -0.152397602797
0.117398291826 -0.154967576265
0.115859918296 -0.166331499815
0.115469805896 -0.168794572353
0.113446101546 -0.180177375674
0.11295324564 -0.182516947389
0.110423415899 -0.193907544017
0.109846182168 -0.196116089821
0.106793113053 -0.207491055131
0.106139160693 -0.209566161036
0.10251352191 -0.220880240202
0.101786419749 -0.22282384336
0.0975327417254 -0.234022304416
0.0946659445763 -0.240660607815
0.0920622646809 -0.246861800551
0.0899770781398 -0.250760883093
0.0877264365554 -0.25522762537
0.0852671861649 -0.259706407785
0.0831253528595 -0.26341804862
0.0805281102657 -0.267775297165
0.0782114267349 -0.271425157785
0.0754888579249 -0.275661319494
0.0730042681098 -0.279243916273
0.0701703727245 -0.283361583948
0.0675264075398 -0.286873459816
0.0645998343825 -0.290883362293
0.0618067905307 -0.294324874878
0.0588094964623 -0.298240751028
0.0558819025755 -0.301615357399
0.0528456382453 -0.305455386639
0.0498130246997 -0.308775901794
0.0467563867569 -0.312554389238
0.0436365231872 -0.315826773643
0.0405165068805 -0.319540381432
0.037263661623 -0.322731882334
0.034002032131 -0.326322853565
0.0305455196649 -0.329350054264
0.0269837863743 -0.332559466362
0.0232160557061 -0.335177868605
0.0212689321488 -0.336540520191
0.0192342866212 -0.337605386972
0.0171562582254 -0.3387401402
0.0150150312111 -0.339585721493
0.0127946808934 -0.340436965227
0.010547246784 -0.341017693281
0.00846132356673 -0.341228187084
0.00570336636156 -0.341800004244
0.00255386997014 -0.341800004244
0 -0.341800004244
