0.15984736383 0
0.159698814154 -0.000314930104651
0.154613822699 -0.00996315479279
0.154166340828 -0.0110332295299
0.149527102709 -0.0207496825606
0.149090111256 -0.0219669602811
0.144937857985 -0.03176061064
0.14453536272 -0.0331288278103
0.140909001231 -0.0430089645088
0.14036783576 -0.0450430139899
0.137941405177 -0.052623771131
0.137385800481 -0.0545073896646
0.137024909258 -0.0558568052948
0.135246664286 -0.0636964887381
0.134478032589 -0.0693036317825
0.132114991546 -0.0822239816189
0.131705909967 -0.0867131799459
0.130358621478 -0.0962193906307
0.130038887262 -0.100844226778
0.128891691566 -0.110257327557
0.128612816334 -0.114945858717
0.127567216754 -0.12429933995
0.127242013812 -0.128994137049
0.126143783331 -0.138323143125
0.125688910484 -0.142977416515
0.124390080571 -0.152309551835
0.123773679137 -0.156881988049
0.122203208506 -0.166236847639
0.12141314894 -0.17069478333
0.119522146881 -0.18008236587
0.118564546108 -0.184403628111
0.116317488253 -0.193821787834
0.115199916065 -0.197992041707
0.112558856606 -0.207424938679
0.111276015639 -0.211432516575
0.108178816736 -0.220838353038
0.10672236979 -0.22467571497
0.103104762733 -0.234003022313
0.0981411114335 -0.244879588485
0.0972617864609 -0.246861800551
0.0965107604861 -0.248258709908
0.0928850844502 -0.255454421043
0.0922919660807 -0.256534606218
0.0880687981844 -0.26385307312
0.0874573588371 -0.264878839254
0.0829088762403 -0.272044867277
0.0822833701968 -0.273018091917
0.0774254500866 -0.280022889376
0.0767903327942 -0.280945718288
0.0716416686773 -0.287784487009
0.0710021778941 -0.288660675287
0.0655845925212 -0.295336097479
0.0649462863803 -0.296170026064
0.05928914994 -0.302690953016
0.0586589053273 -0.303488045931
0.0528198629618 -0.309881418943
0.05220130831 -0.310646057129
0.0462144948542 -0.316925495863
0.045598488301 -0.317658722401
0.0393751226366 -0.323764681816
0.0387455485761 -0.32445782423
0.0321487784386 -0.330235272646
0.0314743965864 -0.330842941999
0.0242970250547 -0.33583086729
0.0239339880645 -0.336084902287
0.020060768351 -0.338112056255
0.0196757186204 -0.338322341442
0.0156019879505 -0.339931070805
0.0151928141713 -0.34008795023
0.010919297114 -0.341192245483
0.00695289485157 -0.341592460871
0.00595185905695 -0.341800004244
0.00480870902538 -0.341800004244
0 -0.341800004244
