0.172469571233 0
0.168926551938 -0.00670108105987
0.16691800952 -0.0102728735656
0.163464546204 -0.0174764171243
0.161645248532 -0.0209905803204
0.158457323909 -0.0284708011895
0.15682913363 -0.0319266878068
0.153958112001 -0.039697162807
0.152521491051 -0.043094471097
0.15125630796 -0.0464778728783
0.148887932301 -0.0545073896646
0.147140547633 -0.0610408447683
0.146283313632 -0.0636613667011
0.143811196089 -0.0770298391581
0.142416760325 -0.0821365490556
0.140956386924 -0.0923513770103
0.140066921711 -0.0961112603545
0.138802230358 -0.106423959136
0.137991026044 -0.110140606761
0.136830970645 -0.120490171015
0.136061519384 -0.12418024987
0.134845197201 -0.134522244334
0.13407458365 -0.138202831149
0.132645815611 -0.148500159383
0.131833836436 -0.152186065912
0.130124211311 -0.16240799427
0.129247024655 -0.166111662984
0.12721554935 -0.176232144237
0.126253783703 -0.179961636662
0.123875938356 -0.18995693326
0.12281127274 -0.193714246154
0.120060525835 -0.203560605645
0.11887139082 -0.207340225577
0.115695975721 -0.21699924767
0.11434597522 -0.220781624317
0.110691875219 -0.230214074254
0.109143838286 -0.233974769711
0.107382804155 -0.237673550844
0.103306844831 -0.246861800551
0.100005015731 -0.253003239632
0.0985277891159 -0.255710065365
0.0950932055712 -0.261671990156
0.093466155231 -0.264344334602
0.0898057669401 -0.270120084286
0.0880279392004 -0.272746145725
0.0841585919261 -0.278333485126
0.0822335034609 -0.280905991793
0.0781738460064 -0.286305606365
0.0761059746146 -0.288818061352
0.071876488626 -0.294036239386
0.0696679651737 -0.296480298042
0.0652936398983 -0.301528632641
0.0629496276379 -0.303897172213
0.0584757998586 -0.308801114559
0.0560128651559 -0.31109687686
0.0514651313424 -0.315871417522
0.0488943494856 -0.318090826273
0.0442036688328 -0.322696447372
0.0414996407926 -0.324800461531
0.0365607216954 -0.329128265381
0.0336892008781 -0.331049710512
0.0283446423709 -0.334765225649
0.0252714324743 -0.336363226175
0.0223971065134 -0.337867617607
0.0207759533077 -0.338494509459
0.0177584122866 -0.339686185122
0.0160817336291 -0.340168505907
0.0129216266796 -0.340985149145
0.0111928386614 -0.341298997402
0.00727937463671 -0.341720998287
0.00611424306408 -0.341800004244
0 -0.341800004244
