0.185221076012 0
0.185130238533 -0.000150425112224
0.183923482895 -0.0024328189902
0.179328843951 -0.0106034697965
0.178151786327 -0.0130586829036
0.173908755183 -0.0212545227259
0.17278508842 -0.0238911379129
0.168910562992 -0.0321149043739
0.167866244912 -0.0349413603544
0.164375826716 -0.0431955046952
0.161301925778 -0.0514158569276
0.160390049219 -0.0545073896646
0.159717261791 -0.0570229068398
0.157557189465 -0.0636261925101
0.156588315964 -0.0688655078411
0.152987465262 -0.0820526182652
0.152398586273 -0.0861716866493
0.150072529912 -0.0960042625666
0.149554893374 -0.100225262344
0.147417351604 -0.110018655658
0.146937772632 -0.114297322929
0.144904360175 -0.124049082398
0.144398525357 -0.128349974751
0.142364233732 -0.138066112995
0.141768723726 -0.142358005047
0.139634460211 -0.152046427131
0.138922601938 -0.156302601099
0.136632248759 -0.165973067284
0.135789468884 -0.170171588659
0.133298769593 -0.17983007431
0.132317885756 -0.183953225613
0.129584997892 -0.193597912788
0.128458246589 -0.197631150484
0.125432536006 -0.207248210907
0.124141782522 -0.211174443364
0.12073507905 -0.220719203353
0.11926125735 -0.224523633718
0.115383841097 -0.233943134546
0.110972940922 -0.24320755899
0.1093519032 -0.246861800551
0.10803873837 -0.249304294586
0.104396022856 -0.255979120731
0.103043414652 -0.258327037096
0.0990654602647 -0.264860659838
0.0976375564933 -0.267113745213
0.0933262184262 -0.273482084274
0.0918307974935 -0.275641471148
0.08719868958 -0.281831413507
0.0856441035867 -0.283899098635
0.0807057544589 -0.289899200201
0.079101011157 -0.291879057884
0.07386469841 -0.297673821449
0.0722199231386 -0.299572020769
0.0666999816895 -0.305149704218
0.0650323033333 -0.306977719069
0.0592691600323 -0.312349706888
0.0575877837837 -0.314114928246
0.0516074486077 -0.319277882576
0.0498864538968 -0.320967674255
0.0436282679439 -0.325837165117
0.0418285876513 -0.327414184809
0.0352104753256 -0.331842601299
0.0332742929459 -0.33318862319
0.0262141581625 -0.336859703064
0.0251779388636 -0.337402075529
0.0214583743364 -0.338840395212
0.020372884348 -0.339269071817
0.0165301896632 -0.340374469757
0.0153957502916 -0.340667635202
0.0114378714934 -0.341386139393
0.0100358659402 -0.341537326574
0.00616259127855 -0.341800004244
0 -0.341800004244
