0.19812014699 0
0.197760894895 -0.000585002533626
0.194422632456 -0.00651060650125
0.191858693957 -0.0109728751704
0.188593834639 -0.0172645971179
0.186309099197 -0.0215504039079
0.183155059814 -0.0282251648605
0.181144088507 -0.0323263406754
0.178141519427 -0.0394002348185
0.17639555037 -0.0433090887964
0.173587486148 -0.0507980436087
0.172183096409 -0.0545073896646
0.17155213654 -0.0559675469995
0.169048279524 -0.0635927766562
0.164710298181 -0.0793492794037
0.163776218891 -0.081971667707
0.160904929042 -0.0940308272839
0.160302817822 -0.0958977863193
0.157626748085 -0.108096264303
0.157080665231 -0.109893813729
0.154514223337 -0.122160293162
0.154000148177 -0.123912729323
0.151425659657 -0.136192619801
0.150923222303 -0.137923806906
0.148226752877 -0.150171265006
0.147717893124 -0.151902809739
0.144838452339 -0.164083555341
0.144308641553 -0.165833130479
0.141199752688 -0.177919641137
0.140636280179 -0.179699584842
0.137254402041 -0.191666588187
0.136646479368 -0.193484202027
0.13293671608 -0.205303713679
0.132272258401 -0.207159236073
0.128134071827 -0.218775957823
0.127390876412 -0.220659345388
0.122722439468 -0.232017055154
0.12187770009 -0.233913064003
0.116619117558 -0.244968116283
0.115677289665 -0.246861800551
0.114808879793 -0.24832265079
0.110486142337 -0.256254225969
0.105837829411 -0.263899534941
0.104866527021 -0.265387743711
0.0998812168837 -0.272760421038
0.0988057255745 -0.274233192205
0.093503691256 -0.281325817108
0.0923237651587 -0.282775104046
0.0867271497846 -0.28958144784
0.0854423865676 -0.290999025106
0.0795650780201 -0.297508776188
0.0781733989716 -0.298882037401
0.0720343217254 -0.305090248585
0.0705355554819 -0.306406795979
0.0641808509827 -0.312334388494
0.0625826269388 -0.313589304686
0.0560405775905 -0.319240808487
0.0543499216437 -0.320427060127
0.0475523658097 -0.325719147921
0.0457638576627 -0.326812654734
0.0386188626289 -0.33159583807
0.0367263481021 -0.332561761141
0.0291424021125 -0.336506694555
0.0271473582834 -0.337287098169
0.0231644250453 -0.3388274014
0.0221309829503 -0.339127361774
0.0180243514478 -0.340308785439
0.0169681180269 -0.340536743402
0.0127465520054 -0.341303229332
0.0116696022451 -0.341449469328
0.0107701290399 -0.341490805149
0.00621093949303 -0.341800004244
0.000106977051473 -0.341800004244
0 -0.341800004244
