0.211187794805 0
0.210513070226 -0.00108664762229
0.206355065107 -0.00831602606922
0.204550743103 -0.0114037645981
0.200489595532 -0.0190119631588
0.198911949992 -0.0218990445137
0.194981515408 -0.029901444912
0.19362232089 -0.0325780175626
0.18985709548 -0.0409895032644
0.188705727458 -0.043445687741
0.188411921263 -0.0440780073404
0.184463247657 -0.0545073896646
0.182144895196 -0.0598724633455
0.180933222175 -0.0635625272989
0.178833946586 -0.0711875483394
0.175019353628 -0.0818969458342
0.173602879047 -0.087846018374
0.171040102839 -0.0957924723625
0.169705599546 -0.101875603199
0.167309731245 -0.109762102365
0.166019752622 -0.115927584469
0.163721114397 -0.123763568699
0.162420138717 -0.129969015718
0.160156801343 -0.137767478824
0.158790051937 -0.143975302577
0.156505435705 -0.151749327779
0.155044704676 -0.157928600907
0.152694374323 -0.165689989924
0.151118740439 -0.171815633774
0.148663446307 -0.179571598768
0.146953448653 -0.185622543097
0.144360005856 -0.193376466632
0.142490401864 -0.199333146214
0.139717444777 -0.207076862454
0.137639924884 -0.212908864021
0.134603083134 -0.22060482204
0.132268682122 -0.226284116507
0.128881677985 -0.233886182308
0.126262187958 -0.239393115044
0.122547648847 -0.246861800551
0.119122639298 -0.25262337923
0.116987749934 -0.256540566683
0.11469206214 -0.26031640172
0.11102565378 -0.265933990479
0.108575455844 -0.269557535648
0.104593701661 -0.275010108948
0.102000057697 -0.278479665518
0.0977103486657 -0.283748626709
0.0949851572514 -0.287062883377
0.0903943106532 -0.292128264904
0.087545350194 -0.295283764601
0.0826518684626 -0.300112515688
0.0796889513731 -0.303108811378
0.0744959414005 -0.30767044425
0.0714413821697 -0.310519725084
0.0659772157669 -0.31481012702
0.0628443285823 -0.317516535521
0.0571328885853 -0.321524053812
0.0538886673748 -0.324049770832
0.0479088053107 -0.32770588994
0.0445091240108 -0.329981803894
0.03823511675 -0.33318400383
0.0346363708377 -0.335055947304
0.0280682556331 -0.337625235319
0.026183007285 -0.338354289532
0.0227910131216 -0.339338809252
0.0208495855331 -0.339897334576
0.017392648384 -0.340643435717
0.0153993535787 -0.34100535512
0.0118845198303 -0.34148260951
0.008948918432 -0.341617614031
0.00625928817317 -0.341800004244
0.00265834084712 -0.341800004244
0 -0.341800004244
