0.224355146289 0
0.224233791232 -0.000195349886781
0.223322302103 -0.00164939521346
0.218093752861 -0.0105904228985
0.217321708798 -0.0118869133294
0.212250903249 -0.0211573261768
0.211613640189 -0.0222886577249
0.206726923585 -0.0318992435932
0.206218197942 -0.0328577198088
0.201540857553 -0.0428190790117
0.201153934002 -0.0435964465141
0.200968250632 -0.0439704097807
0.199696794152 -0.0467067845166
0.196743413806 -0.0545073896646
0.192922949791 -0.0633485913277
0.192834481597 -0.0635330602527
0.18634352088 -0.0816638842225
0.18627178669 -0.0818225592375
0.181789696217 -0.0956633165479
0.181779578328 -0.0956872105598
0.180365383625 -0.10032607615
0.177538782358 -0.109630391002
0.177525296807 -0.109694875777
0.173442065716 -0.123614415526
0.173414602876 -0.123745404184
0.169390380383 -0.137611150742
0.169353350997 -0.137779340148
0.165292993188 -0.151595845819
0.165250971913 -0.151773631573
0.161080107093 -0.165546864271
0.16103772819 -0.16571162641
0.156690612435 -0.179443627596
0.156652495265 -0.179578483105
0.152073532343 -0.193268731236
0.152044087648 -0.193362563848
0.147162616253 -0.206994473934
0.14714576304 -0.207041785121
0.141815289855 -0.220550313592
0.141814932227 -0.22055119276
0.141694068909 -0.220822453499
0.135907620192 -0.233827501535
0.135891452432 -0.233859494328
0.135758414865 -0.234113365412
0.129418000579 -0.246861800551
0.123859323561 -0.256212621927
0.12350256741 -0.256826728582
0.117304928601 -0.26633259654
0.117200374603 -0.26647952199
0.110540382564 -0.275607436895
0.110398307443 -0.275785624981
0.103295855224 -0.28451564908
0.103113412857 -0.284719735384
0.0955871418118 -0.293029069901
0.0953614488244 -0.293253362179
0.0874145850539 -0.301099330187
0.0871432945132 -0.301336288452
0.078784249723 -0.308682531118
0.0784665048122 -0.308923721313
0.0697420760989 -0.31577694416
0.0693795308471 -0.31601575017
0.0603271387517 -0.322369962931
0.0599224790931 -0.322600632906
0.0505064278841 -0.328359723091
0.0500615648925 -0.328575730324
0.0402385853231 -0.333591043949
0.0397554263473 -0.333784878254
0.0295237135142 -0.337788641453
0.029004547745 -0.337948441505
0.0237374100834 -0.339477390051
0.0234673749655 -0.3395396173
0.0181117523462 -0.34069570899
0.0178333576769 -0.340743839741
0.012400762178 -0.341481626034
0.0121141187847 -0.341513216496
0.010944031179 -0.341568887234
0.00712770689279 -0.34174439311
0.00630763638765 -0.341800004244
0.00520970439538 -0.341800004244
0 -0.341800004244
