0.237583845854 0
0.236157536507 -0.00227529276162
0.234928697348 -0.00437667826191
0.23013626039 -0.012424598448
0.228869184852 -0.0147410668433
0.224374338984 -0.0227207392454
0.223082005978 -0.0252623204142
0.218887299299 -0.033165588975
0.21758313477 -0.0359430685639
0.213691964746 -0.0437606051564
0.211824655533 -0.0475213378668
0.210981681943 -0.0493355616927
0.209023565054 -0.0545073896646
0.206490591168 -0.0603691339493
0.204981595278 -0.0635153725743
0.200662091374 -0.0755808204412
0.197867780924 -0.0817605257034
0.194865018129 -0.0910331010818
0.192935287952 -0.0955913364887
0.190066158772 -0.10500266403
0.188254594803 -0.109509557486
0.185459583998 -0.119011938572
0.183738783002 -0.123484425247
0.180961832404 -0.133036568761
0.179295778275 -0.137485474348
0.176483884454 -0.147048979998
0.174835860729 -0.151483669877
0.171948090196 -0.161025121808
0.170286938548 -0.165453910828
0.167286485434 -0.174944639206
0.165583908558 -0.179372742772
0.162439510226 -0.188790678978
0.16067185998 -0.193220421672
0.157340586185 -0.202540829778
0.155480414629 -0.206967145205
0.151866748929 -0.21614035964
0.149864390492 -0.22053976357
0.145870730281 -0.22951553762
0.143675550818 -0.233858779073
0.138439908624 -0.243849620223
0.136728748679 -0.246861800551
0.13449190557 -0.250319868326
0.13054998219 -0.257105082273
0.127051085234 -0.26247164607
0.123825013638 -0.267005234957
0.120074525476 -0.27214550972
0.116578549147 -0.276529729366
0.112588569522 -0.281434029341
0.10882371664 -0.285645514727
0.104605682194 -0.290302425623
0.100570194423 -0.294312983751
0.0961267873645 -0.298699975014
0.0918148830533 -0.302466630936
0.0871512368321 -0.306565195322
0.0825636684895 -0.310047358274
0.077705822885 -0.313863307238
0.0728693455458 -0.317049205303
0.0678379312158 -0.32058095932
0.0627815723419 -0.323463171721
0.0575566217303 -0.326658904552
0.0522911734879 -0.329215496778
0.0468488521874 -0.331994175911
0.041383203119 -0.334186911583
0.0357230491936 -0.33640179038
0.0300774741918 -0.338139355183
0.0271682534367 -0.338983863592
0.0242854133248 -0.339648067951
0.0213297083974 -0.340286076069
0.0184113178402 -0.340790659189
0.0154156787321 -0.341197490692
0.0124654555693 -0.341522723436
0.00839060731232 -0.341716617346
0.00645969063044 -0.341800004244
0 -0.341800004244
