0.25079575181 0
0.248942285776 -0.00294356327504
0.245598345995 -0.00855815038085
0.242916941643 -0.01299557928
0.239609286189 -0.0188651904464
0.237114548683 -0.0231762249023
0.233856007457 -0.0293112751096
0.23154887557 -0.0334873497486
0.228354543447 -0.0398980677128
0.226235330105 -0.0439305491745
0.224278211594 -0.0478556156158
0.222681060433 -0.0510722659528
0.222266554832 -0.0519643425941
0.221303731203 -0.0545073896646
0.220058232546 -0.0573896765709
0.217128708959 -0.063497684896
0.214980646968 -0.0694977492094
0.209463775158 -0.08169849962
0.207940354943 -0.0864028856158
0.204090982676 -0.095495454967
0.202618077397 -0.100326918066
0.198975607753 -0.109388843179
0.197527721524 -0.114311307669
0.194048196077 -0.12335485965
0.192600265145 -0.128335416317
0.189220413566 -0.137360662222
0.187748149037 -0.142367988825
0.184401780367 -0.151372745633
0.182886630297 -0.156378909945
0.179517105222 -0.165362387896
0.177942305803 -0.17034368217
0.174497425556 -0.179303184152
0.172848641872 -0.184241533279
0.169284582138 -0.193173080683
0.167541071773 -0.198051139712
0.163805395365 -0.20694026351
0.161918640137 -0.211729735136
0.15791362524 -0.22052924335
0.155833825469 -0.225203588605
0.151459649205 -0.233858063817
0.148739665747 -0.239048451185
0.144301041961 -0.246861800551
0.138498872519 -0.255831748247
0.13759739697 -0.257383465767
0.136797249317 -0.258610725403
0.130449652672 -0.267530947924
0.129608660936 -0.268683582544
0.122758790851 -0.277273833752
0.12188128382 -0.278352409601
0.114534012973 -0.286571294069
0.113624222577 -0.287575751543
0.105778940022 -0.295372605324
0.104838989675 -0.296300619841
0.0964864641428 -0.303596943617
0.0955182313919 -0.304447859526
0.0866608321667 -0.311171025038
0.0856695696712 -0.311949670315
0.0763591602445 -0.318082690239
0.0753487199545 -0.318791955709
0.0656406655908 -0.324325740337
0.0646068155766 -0.324958056211
0.0545207820833 -0.329855233431
0.053459122777 -0.330397307873
0.0430109761655 -0.334588974714
0.0419223830104 -0.335014939308
0.0311504006386 -0.33833026886
0.03059909679 -0.338490307331
0.0251034516841 -0.3397564888
0.024547662586 -0.33987647295
0.0189892780036 -0.340837478638
0.0184305943549 -0.34091335535
0.0128167914227 -0.34153226018
0.0120634306222 -0.341568082571
0.00669278111309 -0.341800004244
0.00215225643478 -0.341800004244
0 -0.341800004244
