0.263957440853 0
0.262355268002 -0.00254643382505
0.261670768261 -0.003634135006
0.256223976612 -0.0126529131085
0.255654990673 -0.0135853746906
0.250279307365 -0.0228776093572
0.249824941158 -0.0236459970474
0.24453407526 -0.0332229621708
0.244193851948 -0.0338183157146
0.239003404975 -0.0436916165054
0.238776028156 -0.044104680419
0.233702167869 -0.0542863979936
0.233583301306 -0.0545073896646
0.2292945683 -0.0634437128901
0.229274749756 -0.0634801983833
0.22709132731 -0.0682974532247
0.221059784293 -0.0816364660859
0.221015676856 -0.0817726626992
0.2152466923 -0.0953995808959
0.215169996023 -0.0956511646509
0.209696620703 -0.109268128872
0.209595859051 -0.109610684216
0.204357594252 -0.123225294054
0.204238697886 -0.123634278774
0.199145063758 -0.137235850096
0.199012413621 -0.137687012553
0.193967700005 -0.151261821389
0.193825170398 -0.151732712984
0.188747286797 -0.165270879865
0.188598111272 -0.165742725134
0.183410927653 -0.179233625531
0.183257758617 -0.179692402482
0.177897289395 -0.193125754595
0.177741572261 -0.193561434746
0.172130376101 -0.206913381815
0.171970546246 -0.207319125533
0.165962859988 -0.220518708229
0.165796935558 -0.220891624689
0.159243762493 -0.233857363462
0.15903942287 -0.234247267246
0.151873335242 -0.246861800551
0.151201680303 -0.247900173068
0.144935116172 -0.257638722658
0.139891341329 -0.264731317759
0.137344688177 -0.2680105865
0.131943374872 -0.274787932634
0.129193067551 -0.277948707342
0.12344237417 -0.284384667873
0.120484434068 -0.287403136492
0.114388123155 -0.293464422226
0.11121635139 -0.296311110258
0.104770384729 -0.30194413662
0.101381190121 -0.304579794407
0.0945885777473 -0.309737503529
0.0909852832556 -0.312125891447
0.0838855728507 -0.316804260015
0.0800934508443 -0.318935036659
0.0727282837033 -0.323134809732
0.0687766671181 -0.325007736683
0.0611609183252 -0.328706890345
0.0570727400482 -0.330334097147
0.0492196455598 -0.333485901356
0.0450139790773 -0.33487123251
0.0369550660253 -0.337352663279
0.0326442755759 -0.338452994823
0.0285479519516 -0.33939704299
0.0263576023281 -0.339821577072
0.0222250539809 -0.340536296368
0.02001208812 -0.340862214565
0.0158494319767 -0.341321289539
0.0136149600148 -0.341534972191
0.00750959571451 -0.341780185699
0.00702105695382 -0.341800004244
0 -0.341800004244
