0.276964724064 0
0.27423235774 -0.00434200605378
0.272783279419 -0.00674136681482
0.268239140511 -0.0141882514581
0.266740918159 -0.0167780444026
0.262396872044 -0.0241244304925
0.260854631662 -0.0269159823656
0.25671851635 -0.0341538600624
0.255138874054 -0.0371586680412
0.251218616962 -0.0442802757025
0.249609053135 -0.0475101806223
0.245845645666 -0.0545073896646
0.243182614446 -0.0600562654436
0.241322487593 -0.0634811297059
0.235743805766 -0.0757893621922
0.23268596828 -0.0816168636084
0.228668749332 -0.091085344553
0.226525753736 -0.0953605696559
0.222641840577 -0.105002604425
0.220627442002 -0.109216853976
0.216856911778 -0.118998795748
0.214960098267 -0.123174622655
0.21125741303 -0.133048638701
0.209437444806 -0.137195467949
0.205749392509 -0.147112354636
0.203962177038 -0.151236712933
0.20024189353 -0.161154061556
0.198453143239 -0.165263548493
0.194655016065 -0.175145372748
0.192834764719 -0.179244458675
0.188919648528 -0.189062669873
0.18703943491 -0.193151637912
0.182956233621 -0.2028760463
0.180986478925 -0.2069478333
0.176632806659 -0.216521382332
0.174531176686 -0.220553264022
0.169801294804 -0.229918017983
0.167526528239 -0.233881488442
0.162353008986 -0.242993101478
0.16000109911 -0.246861800551
0.158537760377 -0.248646363616
0.157824158669 -0.249646663666
0.157046854496 -0.25077444315
0.155166372657 -0.253577649593
0.152395159006 -0.257884263992
0.150478348136 -0.260579705238
0.14434966445 -0.268471509218
0.142307549715 -0.271033883095
0.135727077723 -0.278596431017
0.13356384635 -0.281017422676
0.12652592361 -0.288199335337
0.124244123697 -0.290468007326
0.116737619042 -0.297205239534
0.114336803555 -0.299303263426
0.106355138123 -0.305510282516
0.103836916387 -0.307422429323
0.0953880921006 -0.313022553921
0.0927668139338 -0.314749866724
0.0839097872376 -0.319726616144
0.0812005475163 -0.32127147913
0.0720033422112 -0.325630664825
0.0692118704319 -0.326986551285
0.0597278103232 -0.33076146245
0.056860063225 -0.331912428141
0.047134257853 -0.33511608839
0.0442036613822 -0.336018443108
0.0342666059732 -0.338554888964
0.0327840223908 -0.33889657259
0.0277431886643 -0.339873611927
0.0262513849884 -0.340131610632
0.0211672149599 -0.34088036418
0.0196686368436 -0.34104564786
0.0145442066714 -0.341535687447
0.0123526584357 -0.341623723507
0.00800587795675 -0.341800004244
0.000600098748691 -0.341800004244
0 -0.341800004244
