0.289741307497 0
0.289119660854 -0.000989170046523
0.286585241556 -0.00503746094182
0.283039867878 -0.0108545199037
0.280634850264 -0.0147792808712
0.277077496052 -0.02080126293
0.274803191423 -0.0245929267257
0.271240592003 -0.0308318492025
0.269101917744 -0.0344823412597
0.265542596579 -0.0409510806203
0.263545125723 -0.0444522537291
0.261075079441 -0.0489907339215
0.258107990026 -0.0545073896646
0.257070660591 -0.0566688142717
0.25337022543 -0.0634820684791
0.250522732735 -0.0697644799948
0.244313076138 -0.0815985649824
0.24222253263 -0.0865259245038
0.237811997533 -0.0953248739243
0.235766872764 -0.100402005017
0.231575235724 -0.109171189368
0.229571402073 -0.114369764924
0.225591391325 -0.12313169986
0.223610207438 -0.128414973617
0.219770252705 -0.137164354324
0.217787817121 -0.142494976521
0.214006319642 -0.151221528649
0.212001159787 -0.156566813588
0.208214595914 -0.165266051888
0.206165015697 -0.170598581433
0.202316835523 -0.179264456034
0.200204029679 -0.184562891722
0.196239158511 -0.193185478449
0.194037169218 -0.19842967391
0.18989674747 -0.206988558173
0.187551528215 -0.212145596743
0.183148771524 -0.220592081547
0.18060401082 -0.225630506873
0.175853386521 -0.233907818794
0.17307305336 -0.238804548979
0.168174788356 -0.246861800551
0.165127128363 -0.25057849288
0.163640916348 -0.252661764622
0.162022054195 -0.255010545254
0.159939944744 -0.258114337921
0.154426276684 -0.265216261148
0.151446178555 -0.268902868032
0.145580247045 -0.275646001101
0.142360463738 -0.279200255871
0.136142864823 -0.285546630621
0.132675796747 -0.288936793804
0.126102298498 -0.294838041067
0.122378252447 -0.298025846481
0.115446910262 -0.30341732502
0.111463278532 -0.306355893612
0.104181312025 -0.311183661222
0.0999455675483 -0.31383010745
0.0923625677824 -0.318091899157
0.0879071578383 -0.320434361696
0.0800816118717 -0.324144363403
0.0754421278834 -0.326185494661
0.0674227401614 -0.329378455877
0.0626275092363 -0.331141918898
0.0544593520463 -0.333833545446
0.0495296530426 -0.335334867239
0.0412475503981 -0.337449878454
0.0361904241145 -0.338646888733
0.0320146791637 -0.339456558228
0.029441440478 -0.33992099762
0.0252488646656 -0.340538680553
0.0226449538022 -0.340897172689
0.0184394419193 -0.341299504042
0.015805022791 -0.341536551714
0.0116614941508 -0.341691702604
0.00899069849402 -0.341800004244
0.00725398957729 -0.341800004244
0 -0.341800004244
