0.302345424891 0
0.299180775881 -0.00506410608068
0.298773884773 -0.00572024518624
0.293194293976 -0.0148412082344
0.29287776351 -0.015358870849
0.287294328213 -0.0246821008623
0.287071108818 -0.0250521767884
0.281490147114 -0.0345914065838
0.281363576651 -0.0348044149578
0.275795787573 -0.0445744246244
0.275768607855 -0.0446209907532
0.271303355694 -0.0526556447148
0.270214319229 -0.0545073896646
0.265931129456 -0.0625381693244
0.265417963266 -0.0634829998016
0.265301674604 -0.0637395977974
0.255940198898 -0.0815802663565
0.25577634573 -0.081966497004
0.249098241329 -0.095289170742
0.24889190495 -0.0958014056087
0.242523029447 -0.10912553221
0.242285892367 -0.1097407341
0.236222684383 -0.123088777065
0.235963001847 -0.123781293631
0.230103045702 -0.137133255601
0.22982622683 -0.137877613306
0.224050462246 -0.151206359267
0.223760411143 -0.151979580522
0.217976048589 -0.165268570185
0.21767501533 -0.166051790118
0.211798906326 -0.179284453392
0.211488395929 -0.180063128471
0.205438882113 -0.193219333887
0.205118089914 -0.193983286619
0.198807030916 -0.207029268146
0.198470249772 -0.207769826055
0.191766366363 -0.220630913973
0.191406726837 -0.221342980862
0.184180244803 -0.233934134245
0.183793097734 -0.234615981579
0.176348477602 -0.246861800551
0.171716481447 -0.252510607243
0.169457674026 -0.25567689538
0.167641490698 -0.258311957121
0.160590022802 -0.267036527395
0.158714458346 -0.269273549318
0.15121267736 -0.277555912733
0.149182319641 -0.279715508223
0.141224846244 -0.287497699261
0.139032691717 -0.289557516575
0.130609467626 -0.296769052744
0.128248170018 -0.298702836037
0.119359798729 -0.305260509253
0.116830192506 -0.307038784027
0.107491970062 -0.312874048948
0.104802064598 -0.314470559359
0.0950832217932 -0.319581061602
0.0922538042068 -0.32098954916
0.0822350904346 -0.325398087502
0.0792876407504 -0.32662191987
0.0690411627293 -0.330391019583
0.0659915730357 -0.331446349621
0.0555822513998 -0.334617495537
0.0524403937161 -0.335515797138
0.0419058389962 -0.338010400534
0.0386715307832 -0.338727742434
0.0333630554378 -0.339686185122
0.0317142345011 -0.339964687824
0.0263852719218 -0.340698599815
0.0247125420719 -0.340914130211
0.0193666927516 -0.341395318508
0.0176694858819 -0.34153854847
0.0151625974104 -0.341627895832
0.0106228170916 -0.341800004244
0.00264645903371 -0.341800004244
0 -0.341800004244
