0.31451562047 0
0.310574650764 -0.00635530240834
0.308891624212 -0.00910651497543
0.304741173983 -0.0158942397684
0.303000301123 -0.0188011527061
0.298974990845 -0.0254745241255
0.2971765697 -0.0285484511405
0.293283820152 -0.0351000912488
0.291429907084 -0.0383532457054
0.287679314613 -0.0447760000825
0.286143571138 -0.0475393459201
0.282045602798 -0.0545073896646
0.279273599386 -0.0597047582269
0.277025341988 -0.0635043308139
0.270406872034 -0.0761185288429
0.267283201218 -0.0816273912787
0.262421786785 -0.0913229733706
0.26021566987 -0.0953476279974
0.25548401475 -0.105239875615
0.253398239613 -0.109192624688
0.248821645975 -0.11926022172
0.246846362948 -0.123164258897
0.242372319102 -0.133351892233
0.2404692173 -0.137216940522
0.236026614904 -0.147464796901
0.234154194593 -0.151297107339
0.229686930776 -0.161558151245
0.227814257145 -0.165364921093
0.223269745708 -0.175598800182
0.221369281411 -0.179384082556
0.216692835093 -0.189555376768
0.214736878872 -0.193316981196
0.209866061807 -0.203387618065
0.207826495171 -0.207116752863
0.202663302422 -0.217024058104
0.200506061316 -0.220699369907
0.194951832294 -0.230378523469
0.192644461989 -0.233974099159
0.191523239017 -0.235345587134
0.184522166848 -0.246861800551
0.178305834532 -0.254442721605
0.175425648689 -0.258480042219
0.166425794363 -0.26921543479
0.166091710329 -0.269589722157
0.156508132815 -0.279784470797
0.156140059233 -0.28015139699
0.145957946777 -0.289719998837
0.145553514361 -0.290074020624
0.134755715728 -0.298917889595
0.134313061833 -0.299252927303
0.122909627855 -0.307270288467
0.122429929674 -0.307580649853
0.110452495515 -0.314690202475
0.109938599169 -0.314971089363
0.0974791124463 -0.321174144745
0.0969347059727 -0.321424514055
0.0840973258018 -0.326755523682
0.0835252329707 -0.326976001263
0.0704019293189 -0.331518262625
0.0698022693396 -0.331710487604
0.0564720630646 -0.335522919893
0.0558430068195 -0.335687458515
0.0423437431455 -0.338682770729
0.0416820906103 -0.338814795017
0.0348739512265 -0.339965283871
0.0345333404839 -0.340016186237
0.0276926923543 -0.34089794755
0.0273430161178 -0.340937376022
0.0204726718366 -0.341517388821
0.0201136507094 -0.341543704271
0.0191138274968 -0.341576099396
0.0128830922768 -0.341800004244
0 -0.341800004244
