0.326392948627 0
0.324242174625 -0.00347477616742
0.322113156319 -0.00695492420346
0.318401902914 -0.0130354622379
0.316361248493 -0.016399409622
0.312606692314 -0.0226348489523
0.310657411814 -0.0258734598756
0.306859761477 -0.0322754792869
0.305006980896 -0.0353800989687
0.30116930604 -0.0419613756239
0.299418598413 -0.0449233464897
0.296146303415 -0.0506485700607
0.29387691617 -0.0545073896646
0.293209671974 -0.0557584352791
0.288613140583 -0.0635265782475
0.285137504339 -0.0701507776976
0.278599798679 -0.0816805884242
0.276002824306 -0.0868599787354
0.271311789751 -0.0954179912806
0.268757134676 -0.100758887827
0.264262199402 -0.109277196229
0.261770159006 -0.114759162068
0.257468670607 -0.123260773718
0.255016773939 -0.128843933344
0.250841856003 -0.137322857976
0.248396009207 -0.142964750528
0.244270056486 -0.15140940249
0.241803213954 -0.157075583935
0.237668409944 -0.165480777621
0.235154539347 -0.171141833067
0.230958044529 -0.179500281811
0.228369101882 -0.185131266713
0.224055096507 -0.193427756429
0.221358001232 -0.199004128575
0.216867953539 -0.207213670015
0.214009299874 -0.212698951364
0.209269806743 -0.220773681998
0.206195235252 -0.226131603122
0.201135188341 -0.234016701579
0.198676347733 -0.237024351954
0.192695856094 -0.246861800551
0.184895202518 -0.256374835968
0.183301687241 -0.258608549833
0.178322374821 -0.264548063278
0.173605471849 -0.26983293891
0.168305233121 -0.275471180677
0.163278833032 -0.280481606722
0.15764978528 -0.285771489143
0.152301415801 -0.290453463793
0.14633448422 -0.295340627432
0.140655577183 -0.299638897181
0.134356513619 -0.30406755209
0.128366068006 -0.307943344116
0.121752597392 -0.311868965626
0.115480549634 -0.315296947956
0.10860350728 -0.318720728159
0.102097898722 -0.321712762117
0.0950152054429 -0.324653983116
0.0883244946599 -0.327232688665
0.0810878127813 -0.329737454653
0.0742472410202 -0.331930041313
0.0669016167521 -0.334030866623
0.0599383823574 -0.335852235556
0.0525065138936 -0.33750128746
0.0454328544438 -0.338912606239
0.0416890718043 -0.339545249939
0.0381142832339 -0.340079426765
0.0343551188707 -0.340564012527
0.0307563617826 -0.340969890356
0.026983609423 -0.341288417578
0.0233623031527 -0.341553658247
0.0170512795448 -0.341758161783
0.0157378911972 -0.341800004244
0 -0.341800004244
