0.338034152985 0
0.333534181118 -0.00736926915124
0.333440035582 -0.00752590689808
0.327800363302 -0.01683967188
0.327776730061 -0.0168791897595
0.325998783112 -0.0198385007679
0.322139114141 -0.0262511745095
0.322086036205 -0.026340669021
0.316533654928 -0.0356444865465
0.316399395466 -0.0358747169375
0.310969054699 -0.0450622476637
0.310531198978 -0.0458282753825
0.305299371481 -0.0545073896646
0.300917744637 -0.0623373426497
0.300200909376 -0.0635488182306
0.299868136644 -0.0641830340028
0.289916366339 -0.0817337930202
0.289583832026 -0.0823969915509
0.282407879829 -0.0954883545637
0.2820302248 -0.0962779074907
0.275126159191 -0.109361767769
0.274718701839 -0.110258109868
0.268091022968 -0.123357288539
0.267661213875 -0.124335967004
0.261214494705 -0.13742877543
0.260765403509 -0.138464704156
0.254385918379 -0.151521712542
0.253919512033 -0.152593001723
0.247522577643 -0.16559663415
0.247039318085 -0.166684880853
0.240546807647 -0.179616495967
0.24004535377 -0.180707156658
0.233373314142 -0.193538531661
0.232849940658 -0.194620639086
0.225909411907 -0.207310587168
0.225355282426 -0.208373844624
0.21803355217 -0.220847979188
0.21743863821 -0.221884697676
0.209625899792 -0.234059289098
0.20582947135 -0.238703131676
0.200869545341 -0.246861800551
0.191484555602 -0.258306950331
0.191177725792 -0.258737057447
0.19021897018 -0.259880691767
0.181119218469 -0.270076185465
0.180102348328 -0.271157890558
0.170417591929 -0.280811846256
0.169341638684 -0.28182297945
0.159049317241 -0.290832877159
0.157913252711 -0.291763365269
0.146998107433 -0.300024867058
0.145803391933 -0.300864815712
0.134302213788 -0.308306008577
0.133052706718 -0.309047698975
0.121022492647 -0.315622806549
0.119727894664 -0.316267341375
0.107261091471 -0.322000980377
0.105933085084 -0.322552472353
0.0931237563491 -0.327489346266
0.0917736962438 -0.327956616879
0.0786922127008 -0.332149595022
0.0773311778903 -0.332538843155
0.0640337616205 -0.336017042398
0.0626692846417 -0.336319774389
0.0491836182773 -0.339010417461
0.0485041886568 -0.33912524581
0.0416952259839 -0.340142697096
0.0410175472498 -0.340230047703
0.0341697074473 -0.34100240469
0.0334945470095 -0.341059416533
0.0266109537333 -0.341563642025
0.0254905112088 -0.341599941254
0.0192088391632 -0.341800004244
0.00502062635496 -0.341800004244
0 -0.341800004244
