0.349154055119 0
0.348022043705 -0.00185379211325
0.344308286905 -0.00803330447525
0.342376559973 -0.0112234614789
0.338738113642 -0.0173025391996
0.336748927832 -0.0206135157496
0.333187937737 -0.026583718136
0.331137984991 -0.0300247482955
0.327658236027 -0.0358775146306
0.325545072556 -0.0394585356116
0.322151422501 -0.0451849885285
0.319473683834 -0.0496275648475
0.316532075405 -0.0545073896646
0.313851416111 -0.059297721833
0.311200350523 -0.0635889321566
0.303796768188 -0.0766661837697
0.300783932209 -0.0818406566978
0.2952952981 -0.091863706708
0.293149411678 -0.0956326052547
0.287763386965 -0.105844438076
0.285713881254 -0.109532289207
0.280460804701 -0.119916029274
0.278495281935 -0.123543143272
0.273324251175 -0.134044662118
0.271410942078 -0.137620896101
0.266250908375 -0.14818097651
0.264356613159 -0.151712611318
0.259154826403 -0.162285849452
0.257253706455 -0.165779173374
0.25195863843 -0.176325216889
0.250027924776 -0.179783582687
0.24457962811 -0.190261363983
0.242597833276 -0.193682804704
0.236928895116 -0.204047873616
0.23487521708 -0.207424968481
0.228896036744 -0.217611894011
0.226745739579 -0.220927372575
0.220366820693 -0.23086771369
0.218096137047 -0.234100624919
0.216421961784 -0.236174821854
0.212982580066 -0.240381896496
0.209043234587 -0.246861800551
0.200889185071 -0.256805807352
0.199106484652 -0.258843690157
0.192307904363 -0.266461133957
0.188726395369 -0.270278155804
0.181498259306 -0.277483582497
0.177691236138 -0.281082928181
0.170017898083 -0.287800461054
0.165975674987 -0.291138023138
0.157846808434 -0.297290921211
0.153566747904 -0.300326496363
0.145010620356 -0.305862516165
0.140515968204 -0.308581799269
0.131575599313 -0.313468396664
0.126897215843 -0.315868258476
0.117642506957 -0.320124834776
0.112813539803 -0.322222441435
0.103317260742 -0.325882703066
0.0983676761389 -0.327697426081
0.0886869654059 -0.330800682306
0.0836336165667 -0.332339286804
0.0738167092204 -0.334907561541
0.0686721280217 -0.33616784215
0.0587467849255 -0.338148653507
0.0535204336047 -0.339105427265
0.0485227890313 -0.339852422476
0.0458831973374 -0.340206682682
0.0408672951162 -0.340772598982
0.0382110252976 -0.341037482023
0.033180039376 -0.341406136751
0.030508780852 -0.341575980186
0.0239319317043 -0.341760128736
0.0226797889918 -0.341800004244
0.0207132324576 -0.341800004244
0 -0.341800004244
