0.360015809536 0
0.356615543365 -0.00566796539351
0.354946732521 -0.00850806292146
0.351092964411 -0.0149585083127
0.349482953548 -0.0176989510655
0.345575660467 -0.0242617409676
0.344028294086 -0.0268947985023
0.340062111616 -0.033577863127
0.338581264019 -0.0360950939357
0.3345515728 -0.0429066866636
0.333141326904 -0.0452993921936
0.327860206366 -0.0543491095304
0.32778519392 -0.054473567754
0.327764779329 -0.0545073896646
0.327746212482 -0.0545405931771
0.322130143642 -0.063631169498
0.318118453026 -0.0707171484828
0.311574190855 -0.0819567516446
0.308558672667 -0.0874635204673
0.303816497326 -0.0957923680544
0.300831437111 -0.101452000439
0.29623451829 -0.109723679721
0.29330226779 -0.115519851446
0.288840711117 -0.123753122985
0.285938113928 -0.129647836089
0.281556248665 -0.137838020921
0.278647720814 -0.143790394068
0.274283200502 -0.151927411556
0.271342396736 -0.157904908061
0.26694637537 -0.165982559323
0.263946890831 -0.17195661366
0.259474992752 -0.179966747761
0.256384700537 -0.185909762979
0.251792639494 -0.193837717175
0.24857455492 -0.199721619487
0.243817076087 -0.207544863224
0.240420982242 -0.213330924511
0.235441654921 -0.221008375287
0.231816783547 -0.226657062769
0.226559892297 -0.234141558409
0.222684025764 -0.238943532109
0.220135688782 -0.242060661316
0.217216923833 -0.246861800551
0.211175367236 -0.254229575396
0.207051753998 -0.258943468332
0.204640612006 -0.261645019054
0.196362674236 -0.270467311144
0.193798720837 -0.273023217916
0.185006603599 -0.281335711479
0.182284235954 -0.283718973398
0.172956898808 -0.291420340538
0.170072495937 -0.293603599072
0.160204485059 -0.300602376461
0.157168313861 -0.302566856146
0.146814033389 -0.308831214905
0.143641680479 -0.310565143824
0.132872387767 -0.316089391708
0.129589393735 -0.317599385977
0.118482768536 -0.322423875332
0.115116074681 -0.323721528053
0.103743925691 -0.327891021967
0.100315414369 -0.328990072012
0.0887211561203 -0.332520216703
0.0852498039603 -0.333428382874
0.0734680369496 -0.336314588785
0.0699658170342 -0.337013542652
0.0580241978168 -0.339199662209
0.0562656372786 -0.339462518692
0.0502423010767 -0.340270847082
0.0484802424908 -0.340469658375
0.0424273647368 -0.341073274612
0.0406631827354 -0.341202527285
0.0345853157341 -0.341589003801
0.0314873456955 -0.341675728559
0.0268541797996 -0.341800004244
0 -0.341800004244
