0.370594859123 0
0.370487779379 -0.000178495945875
0.365335345268 -0.00894732773304
0.365074306726 -0.00938422512263
0.359975010157 -0.0180639196187
0.359657585621 -0.0185970552266
0.354613929987 -0.0271796621382
0.354236036539 -0.0278163980693
0.349249303341 -0.0362931601703
0.34880656004 -0.0370415560901
0.343878448009 -0.0454028695822
0.343202769756 -0.0465607009828
0.338289946318 -0.0545073896646
0.333935916424 -0.0622554533184
0.33305990696 -0.0636733993888
0.332440167665 -0.0647681131959
0.322364449501 -0.0820728540421
0.321822047234 -0.0830633342266
0.314483582973 -0.0959521308541
0.313899487257 -0.0970595628023
0.306755155325 -0.109915077686
0.306143730879 -0.111123673618
0.299186170101 -0.123963095248
0.298551976681 -0.12525101006
0.291701585054 -0.138055145741
0.291044533253 -0.139399811625
0.284209758043 -0.152142211795
0.28352996707 -0.153523981571
0.276639074087 -0.166185930371
0.27593511343 -0.16758801043
0.268922060728 -0.180149927735
0.268189787865 -0.181558176875
0.260987430811 -0.193992614746
0.260220229626 -0.195395365357
0.252758949995 -0.207664757967
0.251945912838 -0.209049940109
0.244137570262 -0.221089377999
0.243266731501 -0.222446396947
0.235023662448 -0.234182491899
0.228946089745 -0.241712227464
0.227288812399 -0.243739426136
0.225390613079 -0.246861800551
0.221461549401 -0.251653373241
0.21710626781 -0.256632089615
0.214995354414 -0.259044647217
0.206252202392 -0.268362700939
0.204015269876 -0.270658284426
0.194728270173 -0.279438644648
0.192356809974 -0.281592041254
0.182503819466 -0.28972736001
0.179992794991 -0.291710883379
0.169568479061 -0.299104183912
0.166917786002 -0.300894528627
0.1559805125 -0.307511627674
0.153207316995 -0.309105336666
0.141833946109 -0.314939498901
0.138958618045 -0.316340059042
0.127234235406 -0.321433007717
0.124274492264 -0.322651475668
0.112279437482 -0.327049583197
0.109250493348 -0.328097224236
0.0970365479589 -0.331816256046
0.0939465910196 -0.332698047161
0.0815571546555 -0.335733383894
0.0784122943878 -0.336449623108
0.0658841878176 -0.33874335885
0.0626892969012 -0.339282572269
0.0563828013837 -0.34012901783
0.054769732058 -0.340327084064
0.0484425313771 -0.340958118439
0.046819049865 -0.341105163097
0.0404769517481 -0.341508507729
0.0388437472284 -0.34160131216
0.0377555899322 -0.341623187065
0.031163463369 -0.341800004244
0.00234298035502 -0.341800004244
0 -0.341800004244
