0.380649328232 0
0.380499750376 -0.000262794201262
0.378368526697 -0.00389612116851
0.37526679039 -0.00932108890265
0.373087018728 -0.013037821278
0.370025038719 -0.0183744225651
0.367792576551 -0.0221801046282
0.364773362875 -0.0274215545505
0.362482756376 -0.031322337687
0.359508574009 -0.0364607796073
0.357153862715 -0.0404631458223
0.354227304459 -0.0454900562763
0.351355016232 -0.0503909401596
0.348810106516 -0.0545073896646
0.346414506435 -0.0587703995407
0.343328803778 -0.0637292340398
0.335364818573 -0.0774400159717
0.332609981298 -0.0822239294648
0.326666802168 -0.0926803201437
0.324676662683 -0.0961563661695
0.318787813187 -0.106765598059
0.316861957312 -0.110155850649
0.311043024063 -0.120902255177
0.309171169996 -0.124224066734
0.30337625742 -0.135060086846
0.301533639431 -0.138321772218
0.295702815056 -0.149194821715
0.293862938881 -0.152401566505
0.287949115038 -0.163269147277
0.2860904634 -0.166424810886
0.28004783392 -0.177248820662
0.278152763844 -0.180355221033
0.271930992603 -0.191096797585
0.269988566637 -0.194155201316
0.263532042503 -0.204772368073
0.261532634497 -0.207780450583
0.254766970873 -0.218212157488
0.252696275711 -0.221159562469
0.245545312762 -0.231340676546
0.243388205767 -0.234213545918
0.238987103105 -0.239799052477
0.235208153725 -0.244480937719
0.234441921115 -0.245418205857
0.233564302325 -0.246861800551
0.231747731566 -0.249077141285
0.229734107852 -0.251379013062
0.22293689847 -0.259147524834
0.218892544508 -0.263457834721
0.211687803268 -0.270851463079
0.207389399409 -0.274915367365
0.199749529362 -0.281852662563
0.195186465979 -0.28562027216
0.187095493078 -0.292011529207
0.182265073061 -0.295437425375
0.173723429441 -0.301206618547
0.168652698398 -0.304274439812
0.15971699357 -0.309409618378
0.154441967607 -0.312115520239
0.14518044889 -0.316626727581
0.139741525054 -0.318989366293
0.130215495825 -0.322911024094
0.124650932848 -0.324951320887
0.114915296435 -0.328318655491
0.109250411391 -0.330043554306
0.099338568747 -0.332872122526
0.0935949161649 -0.334279298782
0.0835344269872 -0.336570590734
0.0777307227254 -0.337633162737
0.0675460249186 -0.339352101088
0.0646274536848 -0.339743822813
0.0594959892333 -0.340373963118
0.0565696433187 -0.340665817261
0.0514165982604 -0.341132521629
0.0484854020178 -0.341318905354
0.043314319104 -0.341612845659
0.0398689694703 -0.341682106256
0.0354727506638 -0.341800004244
0.0162526685745 -0.341800004244
0 -0.341800004244
