0.390432238579 0
0.390071630478 -0.000658104254398
0.386156380177 -0.00751745514572
0.384968668222 -0.00966305285692
0.380999326706 -0.0165930446237
0.379848062992 -0.0186579916626
0.375819861889 -0.0256634932011
0.374708890915 -0.0276418309659
0.370615005493 -0.0347277000546
0.36954793334 -0.036612816155
0.365380734205 -0.043783981353
0.364361792803 -0.045568741858
0.360113352537 -0.0528303906322
0.359092891216 -0.0545073896646
0.358144879341 -0.0562431700528
0.353449940681 -0.0637881010771
0.348986059427 -0.0714730918407
0.342702507973 -0.0823848322034
0.339337438345 -0.088305324316
0.334717392921 -0.0963748916984
0.331361293793 -0.102421142161
0.326820731163 -0.110414281487
0.32348638773 -0.116572156549
0.319016337395 -0.124504819512
0.315681189299 -0.1307413131
0.311236590147 -0.138608783484
0.307869285345 -0.144887939095
0.303398549557 -0.152680084109
0.299974501133 -0.158972278237
0.295435100794 -0.166679382324
0.291929721832 -0.172958493233
0.287286013365 -0.180570468307
0.283671438694 -0.186810851097
0.278901457787 -0.19432130456
0.275146275759 -0.200496375561
0.270229071379 -0.207894206047
0.266290456057 -0.213967010379
0.261191546917 -0.221224725246
0.257025361061 -0.227156296372
0.251706540585 -0.234240010381
0.242664173245 -0.245715796947
0.242202103138 -0.246291026473
0.241723284125 -0.246861800551
0.241043686867 -0.247627034783
0.230872571468 -0.259251654148
0.220079123974 -0.270327925682
0.219359129667 -0.271046966314
0.207903623581 -0.281448841095
0.207145869732 -0.282117217779
0.195003315806 -0.291708707809
0.194206789136 -0.292318344116
0.181377544999 -0.300983279943
0.180542677641 -0.301527917385
0.167112797499 -0.309245586395
0.166244506836 -0.309725612402
0.152319699526 -0.316508173943
0.151422947645 -0.3169259727
0.137100026011 -0.322822451591
0.136178776622 -0.323181420565
0.121546052396 -0.328242629766
0.120603144169 -0.328546583652
0.105717718601 -0.332794636488
0.104754500091 -0.333047866821
0.0896655246615 -0.336484581232
0.0886824578047 -0.33669012785
0.0734351202846 -0.339263707399
0.0724314451218 -0.339419424534
0.0647607594728 -0.34036141634
0.0642525330186 -0.340419083834
0.0565596818924 -0.341115832329
0.0560460425913 -0.34115883708
0.0483375862241 -0.341596990824
0.0478183217347 -0.34162402153
0.0467722043395 -0.341644704342
0.0419823490083 -0.341740995646
0.0397820360959 -0.341800004244
0.0301623567939 -0.341800004244
0 -0.341800004244
