0.399869114161 0
0.399319529533 -0.00100293394644
0.398724466562 -0.00204545585439
0.39434337616 -0.00995998550206
0.393708795309 -0.0110678840429
0.389340728521 -0.0189027152956
0.388663232327 -0.0200810059905
0.384311437607 -0.0278303623199
0.38358694315 -0.0290843546391
0.379252582788 -0.0367415621877
0.378476440907 -0.0380772054195
0.374161809683 -0.0456345081329
0.373329073191 -0.0470578931272
0.368795961142 -0.0545073896646
0.364584684372 -0.0622180141509
0.363571047783 -0.0638469681144
0.362607300282 -0.0655061677098
0.352795034647 -0.0825457423925
0.352008074522 -0.0839303284883
0.344758123159 -0.0965934246778
0.343934804201 -0.0980766937137
0.336779534817 -0.110672712326
0.335929781199 -0.11224206537
0.328861504793 -0.124785579741
0.327986091375 -0.126422539353
0.320939540863 -0.13889580965
0.320035785437 -0.140581056476
0.312934160233 -0.152958601713
0.31199991703 -0.154675409198
0.304779738188 -0.166933953762
0.303811609745 -0.168668165803
0.296419262886 -0.180785730481
0.295411884785 -0.182524904609
0.287814348936 -0.194487392902
0.286760479212 -0.196220383048
0.278925508261 -0.208007961512
0.277813911438 -0.20972186327
0.269686818123 -0.221289902925
0.268505424261 -0.222971901298
0.2600248456 -0.234266459942
0.257449477911 -0.23753491044
0.253688812256 -0.242216482759
0.249791935086 -0.246861800551
0.244260936975 -0.253089785576
0.238771885633 -0.259363263845
0.232946977019 -0.265340805054
0.227022945881 -0.271257042885
0.220837563276 -0.276873528957
0.214564874768 -0.282406419516
0.208005055785 -0.2875880301
0.201372414827 -0.292664498091
0.194438070059 -0.297347992659
0.187448501587 -0.301907837391
0.18018604815 -0.306081324816
0.172886326909 -0.310116887093
0.165353283286 -0.313786119223
0.157798364758 -0.317305982113
0.150047793984 -0.320496737957
0.142285212874 -0.323521584272
0.134365662932 -0.326260834932
0.126438677311 -0.328816115856
0.118381984532 -0.331115365028
0.110323011875 -0.333233952522
0.102156750858 -0.335093945265
0.0939937457442 -0.336800664663
0.0857438370585 -0.338193148375
0.0774953141809 -0.339473009109
0.0733465999365 -0.339982479811
0.0691958665848 -0.340453386307
0.0650362223387 -0.340830147266
0.060870397836 -0.341178923845
0.0567035935819 -0.341415792704
0.0525245293975 -0.34163326025
0.0441053248942 -0.341799706221
0.0440957285464 -0.341799885035
0.044091321528 -0.341800004244
0.044072046876 -0.341800004244
0 -0.341800004244
