0.408782124519 0
0.40811035037 -0.00127986154985
0.405737042427 -0.00557400519028
0.403270512819 -0.0101983034983
0.400850892067 -0.0145453521982
0.398397058249 -0.0190987382084
0.395927965641 -0.0235029347241
0.393490612507 -0.0279809068888
0.390967130661 -0.0324467904866
0.388549417257 -0.0368439517915
0.385966509581 -0.041376169771
0.383572071791 -0.0456865653396
0.38043949008 -0.0513184964657
0.378499031067 -0.0545073896646
0.376608788967 -0.0579683184624
0.373193323612 -0.0639115571976
0.367340296507 -0.0740958601236
0.362467437983 -0.0827214792371
0.357976198196 -0.0905771628022
0.35442891717 -0.0968314409256
0.349873244762 -0.104859173298
0.346411466599 -0.110953107476
0.341807574034 -0.11912869662
0.338416963816 -0.125088274479
0.333742916584 -0.13336519897
0.330384790897 -0.139202535152
0.325607419014 -0.147530987859
0.322240144014 -0.153252825141
0.31733071804 -0.161589100957
0.313920885324 -0.167199447751
0.308853447437 -0.175506412983
0.305374503136 -0.181007325649
0.300133615732 -0.189259335399
0.296574950218 -0.194655954838
0.291143029928 -0.202828139067
0.287495821714 -0.208121567965
0.281837791204 -0.216175094247
0.278081893921 -0.22135360539
0.272155880928 -0.229245901108
0.268268585205 -0.234291434288
0.265175521374 -0.238141924143
0.257860571146 -0.246861800551
0.247478187084 -0.25855255127
0.246671199799 -0.259474873543
0.245814830065 -0.260353654623
0.234686776996 -0.271467119455
0.23377148807 -0.27229821682
0.221983864903 -0.28269559145
0.221006795764 -0.283467382193
0.20853805542 -0.293010652065
0.207498595119 -0.293712705374
0.194354340434 -0.302287757397
0.193259298801 -0.302917033434
0.179528161883 -0.310508131981
0.178386867046 -0.3110640347
0.164173781872 -0.317685961723
0.162995561957 -0.318171024323
0.148391649127 -0.323861777782
0.147185266018 -0.324279040098
0.132274225354 -0.32908564806
0.131046250463 -0.329436093569
0.115891523659 -0.333420068026
0.114647984505 -0.333703309298
0.0993050262332 -0.336911201477
0.098052546382 -0.337122619152
0.0825591832399 -0.339526563883
0.0819324404001 -0.339603543282
0.074139200151 -0.340487718582
0.073512762785 -0.340544462204
0.0656947568059 -0.341199040413
0.0650696009398 -0.341234564781
0.0572307370603 -0.34164249897
0.0559686645865 -0.341667443514
0.0513786673546 -0.341761082411
0.0489593371749 -0.341800004244
0 -0.341800004244
