0.417413711548 0
0.41665288806 -0.00152088189498
0.412655889988 -0.00902532506734
0.411950141191 -0.0104050450027
0.407892286777 -0.0179461836815
0.407207340002 -0.0192680228502
0.403086870909 -0.0268502570689
0.402426451445 -0.0281102377921
0.398239314556 -0.0357379578054
0.397606790066 -0.0369313843548
0.393349289894 -0.0446086339653
0.392747968435 -0.0457307100296
0.392329037189 -0.0464665330946
0.387677192688 -0.0545073896646
0.386228978634 -0.0573125891387
0.382540017366 -0.0639787316322
0.372892767191 -0.0810812264681
0.371890604496 -0.0829048380256
0.364538580179 -0.0958806201816
0.363869965076 -0.0970803871751
0.356429576874 -0.11018743366
0.355832278728 -0.111246578395
0.34831687808 -0.124462246895
0.347778826952 -0.125404492021
0.340146452188 -0.138675227761
0.339653015137 -0.139521613717
0.331846773624 -0.152788460255
0.331385016441 -0.153556913137
0.323357075453 -0.166766628623
0.32291713357 -0.167471781373
0.31462687254 -0.1805806458
0.314201980829 -0.181232988834
0.305639356375 -0.194217920303
0.305225849152 -0.19482627511
0.296380072832 -0.207664564252
0.295975148678 -0.208235472441
0.286804199219 -0.22087995708
0.28640460968 -0.221416831017
0.276855438948 -0.233811020851
0.276458084583 -0.234315797687
0.276180148125 -0.234642058611
0.265929222107 -0.246861800551
0.257723152637 -0.256101965904
0.254521340132 -0.259584337473
0.246795892715 -0.267299592495
0.242328435183 -0.271677911282
0.234132811427 -0.278906852007
0.229408174753 -0.28299048543
0.220725819468 -0.289635628462
0.215736299753 -0.293369561434
0.206570237875 -0.299349159002
0.201318636537 -0.302688598633
0.191730961204 -0.307988911867
0.186251178384 -0.310925096273
0.176316902041 -0.315553426743
0.170648872852 -0.31808963418
0.16043420136 -0.322069942951
0.15461447835 -0.324221551418
0.144180983305 -0.327584773302
0.138243451715 -0.329373776913
0.12763902545 -0.332161575556
0.121611617506 -0.333624720573
0.110879473388 -0.335868656635
0.10478541255 -0.33703777194
0.0939572006464 -0.338717997074
0.0878091976047 -0.339590251446
0.0823674350977 -0.340207695961
0.0792770311236 -0.34052786231
0.0738221257925 -0.340984612703
0.0707218647003 -0.341220974922
0.0652573034167 -0.341505348682
0.0621479973197 -0.341651141644
0.058672003448 -0.341722071171
0.0538284778595 -0.341800004244
0.00210196059197 -0.341800004244
0 -0.341800004244
