0.425607383251 0
0.424757152796 -0.00169966579415
0.423789232969 -0.00351695530117
0.42018827796 -0.0105565600097
0.419188410044 -0.0124146845192
0.415573954582 -0.019390149042
0.414539963007 -0.0212927870452
0.410918444395 -0.0282019134611
0.409847468138 -0.0301529057324
0.406222462654 -0.0369922034442
0.40511149168 -0.0389955565333
0.401486068964 -0.0457607880235
0.398960262537 -0.0501971915364
0.396466702223 -0.0545073896646
0.392497867346 -0.0621950179338
0.391472518444 -0.0640479028225
0.388791024685 -0.0688016191125
0.380936324596 -0.0830946788192
0.378812879324 -0.0868423953652
0.372963011265 -0.097339682281
0.370761007071 -0.10121871531
0.364933222532 -0.111552923918
0.362663179636 -0.115544758737
0.356845349073 -0.125733226538
0.354501605034 -0.1298083812
0.348647475243 -0.139849990606
0.346218645573 -0.143977805972
0.340277343988 -0.153865695
0.337753385305 -0.158018782735
0.331685125828 -0.167745321989
0.329056978226 -0.17190104723
0.322831392288 -0.18145942688
0.320098131895 -0.185604304075
0.313712209463 -0.194999426603
0.31087243557 -0.199120938778
0.30432331562 -0.208354845643
0.301365107298 -0.212433472276
0.294626772404 -0.221486926079
0.291534274817 -0.225500792265
0.284571945667 -0.234345495701
0.279701918364 -0.240062206984
0.273997873068 -0.246861800551
0.269431650639 -0.25200343132
0.262361258268 -0.259693354368
0.259839296341 -0.262211978436
0.249965444207 -0.271888881922
0.247285187244 -0.274252980947
0.236833617091 -0.283286601305
0.2339887321 -0.285463958979
0.222941502929 -0.293731182814
0.219932481647 -0.295694172382
0.208295568824 -0.303093969822
0.20514254272 -0.304837048054
0.19299185276 -0.311347663403
0.189719825983 -0.312872081995
0.177145719528 -0.318498432636
0.17377717793 -0.319811046124
0.160862803459 -0.324585616589
0.157418861985 -0.325695753098
0.144241988659 -0.329665988684
0.140739515424 -0.330586761236
0.127364903688 -0.333833426237
0.123819366097 -0.334574759007
0.11030267179 -0.337167859077
0.106726393104 -0.33772277832
0.0930995047092 -0.339656144381
0.0913035944104 -0.339859902859
0.0844567790627 -0.340569227934
0.0826575085521 -0.340719908476
0.0757924392819 -0.341243326664
0.0739912241697 -0.341337054968
0.0671102181077 -0.34165969491
0.0659653395414 -0.341683059931
0.0586976185441 -0.341800004244
0.0252260379493 -0.341800004244
0 -0.341800004244
