0.433306962252 0
0.432443618774 -0.00182199897245
0.42986112833 -0.00687698274851
0.428015559912 -0.0106594171375
0.425386458635 -0.0157400220633
0.423538416624 -0.0194720812142
0.420863479376 -0.0245824512094
0.41901960969 -0.0282627623528
0.416297256947 -0.0334065631032
0.414460659027 -0.0370322316885
0.411688655615 -0.0422128662467
0.409861534834 -0.045780453831
0.406236857176 -0.0527942739427
0.405591487885 -0.0539278499782
0.405256211758 -0.0545073896646
0.404260247946 -0.0564365535975
0.400081932545 -0.0641170144081
0.393643528223 -0.0758495777845
0.389704018831 -0.0832851007581
0.384744346142 -0.0921938046813
0.381809830666 -0.097601018846
0.376742035151 -0.106593921781
0.373816102743 -0.111862301826
0.368645787239 -0.120920956135
0.365716218948 -0.126064106822
0.360419183969 -0.135152772069
0.357464790344 -0.140178456903
0.352009415627 -0.149259254336
0.349009811878 -0.154172226787
0.343371242285 -0.163210883737
0.340311914682 -0.168015673757
0.334470361471 -0.176984891295
0.331341952085 -0.181684523821
0.325300633907 -0.190572857857
0.322103500366 -0.195174634457
0.315864950418 -0.203970655799
0.312598824501 -0.208479523659
0.306142598391 -0.217153847218
0.302795052528 -0.221563830972
0.29609131813 -0.230079963803
0.292645454407 -0.234380349517
0.285554349422 -0.242746502161
0.283223688602 -0.245482370257
0.282066524029 -0.246861800551
0.28114014864 -0.247904881835
0.278182893991 -0.251121282578
0.270170927048 -0.259796947241
0.261845290661 -0.267956495285
0.257585167885 -0.272093325853
0.248754918575 -0.279725521803
0.244255438447 -0.283576369286
0.23490293324 -0.290575265884
0.230155974627 -0.294086664915
0.220284774899 -0.300363600254
0.215293571353 -0.303493082523
0.204968243837 -0.309025555849
0.199764341116 -0.311762243509
0.189063087106 -0.31655049324
0.183685004711 -0.318896055222
0.172681227326 -0.322964161634
0.167165473104 -0.324939608574
0.155928611755 -0.328325271606
0.150309324265 -0.329957932234
0.138898596168 -0.332727849483
0.133201569319 -0.334053426981
0.121670112014 -0.336265683174
0.115915521979 -0.33731430769
0.10429687053 -0.33896279335
0.0984953567386 -0.339735120535
0.0926614627242 -0.340339541435
0.0897465571761 -0.340619176626
0.0839010700583 -0.341064870358
0.0809774771333 -0.341269254684
0.0751229971647 -0.341543793678
0.0721918269992 -0.341668426991
0.0688188225031 -0.341715484858
0.0635667592287 -0.341800004244
0.0483501143754 -0.341800004244
0 -0.341800004244
