0.440738469362 0
0.440384745598 -0.000747367390431
0.439868569374 -0.0019096902106
0.435834169388 -0.0101866573095
0.435582876205 -0.0107321944088
0.431484162807 -0.019018413499
0.431245058775 -0.019528945908
0.427090466022 -0.0278307497501
0.426866054535 -0.0283041428775
0.422655940056 -0.0366253107786
0.422448068857 -0.0370589084923
0.418180257082 -0.0454023778439
0.417990714312 -0.0457933023572
0.417835921049 -0.0461035035551
0.413229942322 -0.0545073896646
0.41155064106 -0.058011636138
0.408460825682 -0.0641858503222
0.398502796888 -0.0830035209656
0.398263394833 -0.0834754481912
0.390596985817 -0.0976141393185
0.390466123819 -0.0978634133935
0.382611453533 -0.112015463412
0.382525503635 -0.112173691392
0.37447398901 -0.126315236092
0.374428093433 -0.126396566629
0.366145759821 -0.140489697456
0.366135567427 -0.140506982803
0.363328039646 -0.145106196404
0.357606828213 -0.154476821423
0.357585161924 -0.154511556029
0.348816394806 -0.168283268809
0.348766207695 -0.168360337615
0.339747607708 -0.18190844357
0.33967128396 -0.182020753622
0.330409497023 -0.195351704955
0.330309271812 -0.195492997766
0.320808261633 -0.208608999848
0.320686101913 -0.208773136139
0.310913801193 -0.221646994352
0.310771167278 -0.221828177571
0.300681501627 -0.234419956803
0.30035457015 -0.234805673361
0.293484091759 -0.242875486612
0.289995670319 -0.246861800551
0.286045521498 -0.251103281975
0.278364986181 -0.259448438883
0.277952194214 -0.259895473719
0.277736216784 -0.260107129812
0.265188544989 -0.272291600704
0.264950186014 -0.272497653961
0.251673817635 -0.283860087395
0.251410573721 -0.284057110548
0.237379297614 -0.294436335564
0.237089842558 -0.294620364904
0.222311854362 -0.303886175156
0.22199781239 -0.304054439068
0.206567525864 -0.312169104815
0.206230998039 -0.312319666147
0.190265387297 -0.319282799959
0.189910009503 -0.319414168596
0.173520952463 -0.3252838552
0.17315004766 -0.325395613909
0.156443595886 -0.330249607563
0.156061023474 -0.3303424716
0.139119416475 -0.334284424782
0.138729542494 -0.334359228611
0.121621370316 -0.337476700544
0.121228814125 -0.337532401085
0.103993654251 -0.339826822281
0.103798061609 -0.33984708786
0.0951429754496 -0.340677410364
0.094948373735 -0.340692251921
0.0862732231617 -0.341298699379
0.0860799849033 -0.341307759285
0.0773886442184 -0.341677308083
0.0758885368705 -0.341698229313
0.0693731456995 -0.341789484024
0.0685191825032 -0.341800004244
0 -0.341800004244
