0.447581112385 0
0.446725428104 -0.00192669266835
0.445419549942 -0.00460581760854
0.442591518164 -0.0107453651726
0.441257566214 -0.0134421456605
0.43840265274 -0.0195378828794
0.437042713165 -0.0222552996129
0.434172779322 -0.0283096209168
0.432786226273 -0.0310501139611
0.429904222488 -0.0370618291199
0.428489536047 -0.0398275181651
0.425596475601 -0.0457944460213
0.423233956099 -0.050529319793
0.421053677797 -0.0545073896646
0.417386174202 -0.0621603690088
0.416340172291 -0.0642505660653
0.412968993187 -0.0706210508943
0.406357318163 -0.0836539790034
0.403725922108 -0.0885068699718
0.398684710264 -0.0981100723147
0.395963847637 -0.10301232338
0.390827327967 -0.112467013299
0.388015776873 -0.117405161262
0.38276425004 -0.126710146666
0.379851996899 -0.131665587425
0.374465346336 -0.140817344189
0.371441453695 -0.145770981908
0.365902990103 -0.154766082764
0.362760812044 -0.159701526165
0.357063859701 -0.168540909886
0.3537992239 -0.173445478082
0.347943007946 -0.182130634785
0.344561219215 -0.18699836731
0.338550806046 -0.195535436273
0.335056066513 -0.200359895825
0.32889315486 -0.208751097322
0.325276643038 -0.213515400887
0.318940520287 -0.221744179726
0.315187782049 -0.226427555084
0.308649241924 -0.234469428658
0.306044965982 -0.237528309226
0.2978772223 -0.246861800551
0.28862836957 -0.25679269433
0.285694003105 -0.259981036186
0.280980587006 -0.264558017254
0.272767931223 -0.272466361523
0.267768681049 -0.276744902134
0.259086340666 -0.284113377333
0.253788918257 -0.288031965494
0.244616433978 -0.294751673937
0.239022359252 -0.298259109259
0.229363620281 -0.304242491722
0.223507732153 -0.307321995497
0.213425055146 -0.312538564205
0.20735219121 -0.315187096596
0.196921691298 -0.319634526968
0.19067543745 -0.321871548891
0.179975509644 -0.325600683689
0.173598021269 -0.327453613281
0.162701532245 -0.330528050661
0.156227111816 -0.332034498453
0.145184442401 -0.334515959024
0.138642936945 -0.335707992315
0.127495095134 -0.337646365166
0.120905719697 -0.338523566723
0.109678387642 -0.339924961329
0.106370791793 -0.340242266655
0.100734427571 -0.340739369392
0.0974208265543 -0.340971022844
0.091772839427 -0.341329038143
0.0884551405907 -0.341470092535
0.0827981308103 -0.341685384512
0.0798735246062 -0.341726332903
0.073888733983 -0.341800004244
0.00404123123735 -0.341800004244
0 -0.341800004244
