0.454022437334 0
0.453242897987 -0.00190521078184
0.450512230396 -0.00783806387335
0.449277460575 -0.0107282521203
0.44650042057 -0.0166624542326
0.445253044367 -0.0195244625211
0.442439168692 -0.0254654213786
0.44118565321 -0.0282998085022
0.438335627317 -0.034249804914
0.437077581882 -0.0370555482805
0.43419021368 -0.0430158823729
0.432928144932 -0.0457914806902
0.429154634476 -0.0537575744092
0.428781658411 -0.0545072630048
0.428413510323 -0.0553514026105
0.42396324873 -0.0643109083176
0.417119920254 -0.0778123289347
0.414214193821 -0.0838195756078
0.408907085657 -0.0939358472824
0.406680434942 -0.0983386188745
0.401200383902 -0.108430728316
0.398922562599 -0.112739384174
0.393253415823 -0.122788019478
0.390914022923 -0.127003058791
0.38503909111 -0.136986970901
0.382632374763 -0.141110181808
0.376538455486 -0.151009052992
0.374060809612 -0.155043110251
0.36774495244 -0.164843797684
0.365197986364 -0.168792590499
0.358663082123 -0.178484886885
0.35604852438 -0.182352825999
0.349303871393 -0.191933095455
0.346623212099 -0.195723757148
0.33967462182 -0.205184802413
0.336926400661 -0.208900049329
0.329754590988 -0.218214184046
0.326929003 -0.221848085523
0.319504052401 -0.230980142951
0.316588938236 -0.234523057938
0.315060406923 -0.236232593656
0.305758774281 -0.246861800551
0.295209020376 -0.258189558983
0.293421775103 -0.260058820248
0.284036785364 -0.269096046686
0.280338346958 -0.27262404561
0.270399928093 -0.281058520079
0.266497164965 -0.284343272448
0.255978554487 -0.292049109936
0.251861482859 -0.295040071011
0.24076487124 -0.301914125681
0.236434206367 -0.304570376873
0.224830076098 -0.31057408452
0.220313429832 -0.312881231308
0.208289965987 -0.318007826805
0.203621894121 -0.3199647367
0.191270679235 -0.324269324541
0.186486899853 -0.325902193785
0.173894971609 -0.329454958439
0.16902808845 -0.330795347691
0.156257778406 -0.333665043116
0.151329055429 -0.33473867178
0.138433098793 -0.336980998516
0.133458852768 -0.337808519602
0.120471790433 -0.339429557323
0.115463390946 -0.34001737833
0.108945041895 -0.340592265129
0.106431275606 -0.340797156096
0.0999014750123 -0.341211050749
0.0973829030991 -0.341356873512
0.090845271945 -0.3416056633
0.0883230119944 -0.341692447662
0.0825336575508 -0.341759681702
0.0792582929134 -0.341800004244
0.0654814839363 -0.341800004244
0 -0.341800004244
