0.460205167532 0
0.459448814392 -0.00184840383008
0.459283292294 -0.00220805057324
0.455662578344 -0.0106829078868
0.455489307642 -0.0110531188548
0.451812326908 -0.0194898564368
0.451631516218 -0.0198715720326
0.447914958 -0.0282752420753
0.447726219893 -0.0286692865193
0.443972766399 -0.0370402149856
0.443775564432 -0.0374472849071
0.439984738827 -0.0457843877375
0.439718723297 -0.046345949173
0.435659050941 -0.0545060038567
0.431651800871 -0.063694126904
0.431317746639 -0.0643666684628
0.430804044008 -0.065380141139
0.421811580658 -0.083971016109
0.42138889432 -0.0847766846418
0.41442489624 -0.0985467433929
0.413971483707 -0.0993817821145
0.406778633595 -0.112987488508
0.406293660402 -0.113847136497
0.398842990398 -0.127271488309
0.398325651884 -0.128150641918
0.390602707863 -0.141381844878
0.390052527189 -0.142275542021
0.382049918175 -0.155305162072
0.381467103958 -0.156209558249
0.373193383217 -0.169036954641
0.372579187155 -0.169947907329
0.364043802023 -0.182575047016
0.363399803638 -0.183489784598
0.354611039162 -0.19591781497
0.353938907385 -0.196832954884
0.344896167517 -0.209057539701
0.344195097685 -0.20996800065
0.334870368242 -0.221960321069
0.334138303995 -0.222860693932
0.324494153261 -0.234581813216
0.319437235594 -0.240237504244
0.313640296459 -0.246861800551
0.307065546513 -0.253921449184
0.301132440567 -0.260126829147
0.300191700459 -0.261032730341
0.287897825241 -0.272760093212
0.286898255348 -0.273608356714
0.273905992508 -0.284543216228
0.272843778133 -0.285321384668
0.259116441011 -0.295293927193
0.257990896702 -0.295991182327
0.243528559804 -0.304861813784
0.242346078157 -0.305473595858
0.227240845561 -0.313189536333
0.226010248065 -0.313714265823
0.210377767682 -0.320267498493
0.20910859108 -0.320709854364
0.193070441484 -0.326184272766
0.191772118211 -0.326550573111
0.175441637635 -0.331048250198
0.174121320248 -0.331344932318
0.157574445009 -0.334949344397
0.156239017844 -0.335181564093
0.139536589384 -0.33796018362
0.138190448284 -0.338128179312
0.121375404298 -0.340101748705
0.120699644089 -0.340161323547
0.112261682749 -0.340849071741
0.111584857106 -0.340891987085
0.10313295573 -0.341381281614
0.102455571294 -0.341407060623
0.0939941629767 -0.341698259115
0.0927804633975 -0.341712325811
0.0849585235119 -0.341800004244
0 -0.341800004244
